protein1	protein2	neighborhood	neighborhood_transferred	fusion	cooccurence	homology	coexpression	coexpression_transferred	experiments	experiments_transferred	database	database_transferred	textmining	textmining_transferred	combined_score	protein1_name	protein2_name
9606.ENSP00000000233	9606.ENSP00000379496	0	0	0	0	0	0	54	0	0	0	0	103	85	155	ARF5	PDE1C
9606.ENSP00000000233	9606.ENSP00000314067	0	0	0	0	0	0	0	0	180	0	0	0	61	197	ARF5	PAK2
9606.ENSP00000000233	9606.ENSP00000263116	0	0	0	0	0	0	62	0	152	0	0	0	101	222	ARF5	RAB36
9606.ENSP00000000233	9606.ENSP00000361263	0	0	0	0	0	0	0	0	161	0	0	47	58	181	ARF5	RAPGEF1
9606.ENSP00000000233	9606.ENSP00000409666	0	0	0	0	0	60	63	0	213	0	0	0	72	270	ARF5	SUMO3
9606.ENSP00000000233	9606.ENSP00000324287	0	0	0	0	0	49	0	0	147	0	0	723	86	767	ARF5	ACAP2
9606.ENSP00000000233	9606.ENSP00000469689	0	0	0	0	0	0	62	0	168	0	0	0	54	197	ARF5	SHANK2
9606.ENSP00000000233	9606.ENSP00000392206	0	0	0	0	0	0	53	0	147	0	0	242	85	364	ARF5	AGAP10
9606.ENSP00000000233	9606.ENSP00000333657	0	0	0	0	0	0	83	0	65	0	0	0	95	156	ARF5	MX2
9606.ENSP00000000233	9606.ENSP00000308413	0	0	0	0	0	0	0	0	150	0	0	0	55	162	ARF5	RPS6KB2
9606.ENSP00000000233	9606.ENSP00000215095	0	0	0	0	0	0	81	0	78	0	0	0	83	155	ARF5	STX1B
9606.ENSP00000000233	9606.ENSP00000267257	0	0	0	0	0	0	0	0	140	0	0	169	148	337	ARF5	PXN
9606.ENSP00000000233	9606.ENSP00000345405	0	0	0	0	0	0	0	0	153	0	0	0	47	158	ARF5	SPRED3
9606.ENSP00000000233	9606.ENSP00000444357	0	0	0	0	0	85	64	270	0	0	0	0	0	320	ARF5	OTUB1
9606.ENSP00000000233	9606.ENSP00000296127	0	0	0	0	0	0	52	0	78	0	0	0	208	247	ARF5	ZDHHC3
9606.ENSP00000000233	9606.ENSP00000007414	0	0	0	0	0	0	51	0	65	0	0	0	140	170	ARF5	OSBPL7
9606.ENSP00000000233	9606.ENSP00000353864	0	0	0	0	0	0	0	0	180	0	0	0	61	197	ARF5	PAK3
9606.ENSP00000000233	9606.ENSP00000346733	0	0	0	0	0	0	0	0	147	0	0	0	86	187	ARF5	ACAP3
9606.ENSP00000000233	9606.ENSP00000308897	0	0	0	0	0	0	0	0	167	0	0	0	0	167	ARF5	MRPL11
9606.ENSP00000000233	9606.ENSP00000349291	0	0	0	0	0	0	49	0	150	0	0	0	85	195	ARF5	TBC1D9B
9606.ENSP00000000233	9606.ENSP00000253401	0	0	0	0	0	0	0	0	167	0	0	0	59	182	ARF5	ARHGEF9
9606.ENSP00000000233	9606.ENSP00000360141	0	0	0	0	0	0	0	0	167	0	0	0	53	177	ARF5	GNAS
9606.ENSP00000000233	9606.ENSP00000312150	0	0	0	0	0	0	65	0	127	0	0	0	50	156	ARF5	TRIB1
9606.ENSP00000000233	9606.ENSP00000361467	0	0	0	0	0	0	0	0	138	0	0	0	62	156	ARF5	DLG5
9606.ENSP00000000233	9606.ENSP00000360727	0	0	0	0	0	0	62	0	160	0	0	0	112	239	ARF5	RABL6
9606.ENSP00000000233	9606.ENSP00000402935	0	0	0	0	0	0	0	0	150	0	0	0	48	156	ARF5	TBC1D5
9606.ENSP00000000233	9606.ENSP00000357879	0	0	0	0	0	0	62	0	163	0	0	0	42	182	ARF5	PSMD4
9606.ENSP00000000233	9606.ENSP00000306881	0	0	0	0	0	0	66	0	62	0	0	194	225	379	ARF5	SEC23A
9606.ENSP00000000233	9606.ENSP00000300026	0	0	0	0	0	59	62	0	169	0	0	0	69	225	ARF5	PPIB
9606.ENSP00000000233	9606.ENSP00000387176	0	0	0	0	0	0	63	0	104	0	0	0	139	214	ARF5	POTEJ
9606.ENSP00000000233	9606.ENSP00000437554	0	0	0	0	0	0	0	0	142	0	0	0	55	154	ARF5	IQSEC3
9606.ENSP00000000233	9606.ENSP00000321348	0	0	0	0	0	0	0	0	159	0	0	0	48	165	ARF5	DIAPH2
9606.ENSP00000000233	9606.ENSP00000276689	0	0	0	0	0	0	62	0	0	0	0	0	138	156	ARF5	NDUFB9
9606.ENSP00000000233	9606.ENSP00000216373	0	0	0	0	0	0	0	0	161	0	0	0	58	175	ARF5	SOS2
9606.ENSP00000000233	9606.ENSP00000377948	0	0	0	0	0	0	0	0	0	0	0	181	62	198	ARF5	QRFPR
9606.ENSP00000000233	9606.ENSP00000483486	0	0	0	0	835	0	0	0	147	0	0	241	255	201	ARF5	ARFRP1
9606.ENSP00000000233	9606.ENSP00000379191	0	0	0	0	0	0	0	0	0	600	0	0	43	600	ARF5	CD59
9606.ENSP00000000233	9606.ENSP00000312734	0	0	0	0	671	0	65	0	212	0	0	107	216	292	ARF5	RAB8B
9606.ENSP00000000233	9606.ENSP00000307939	0	0	0	0	0	42	49	0	94	0	0	113	112	231	ARF5	GCC2
9606.ENSP00000000233	9606.ENSP00000372023	0	0	0	0	0	0	110	0	0	0	0	0	103	167	ARF5	CHEK2
9606.ENSP00000000233	9606.ENSP00000274289	0	0	0	0	0	0	0	0	148	0	0	0	59	163	ARF5	PLK2
9606.ENSP00000000233	9606.ENSP00000417573	0	0	0	0	0	0	63	0	117	0	0	0	76	168	ARF5	YIPF6
9606.ENSP00000000233	9606.ENSP00000260762	0	0	0	0	0	0	0	0	149	0	0	0	111	211	ARF5	EXOC6
9606.ENSP00000000233	9606.ENSP00000448182	0	0	0	0	0	46	63	0	150	0	0	0	53	184	ARF5	TBC1D15
9606.ENSP00000000233	9606.ENSP00000481258	0	0	0	0	0	0	49	0	150	0	0	0	48	163	ARF5	TBC1D3I
9606.ENSP00000000233	9606.ENSP00000402103	0	0	0	0	0	0	0	0	162	0	0	0	47	167	ARF5	HK1
9606.ENSP00000000233	9606.ENSP00000349305	0	0	0	0	0	0	0	0	129	0	0	266	101	375	ARF5	GOLGA4
9606.ENSP00000000233	9606.ENSP00000320295	0	0	0	0	0	0	64	0	149	0	0	0	101	221	ARF5	TUBB3
9606.ENSP00000000233	9606.ENSP00000375960	0	0	0	0	0	0	0	0	138	0	0	48	48	150	ARF5	MLLT4
9606.ENSP00000000233	9606.ENSP00000466363	0	0	0	0	0	64	63	0	114	0	0	144	101	293	ARF5	PIP5K1C
9606.ENSP00000000233	9606.ENSP00000314214	0	0	0	0	0	0	62	0	111	0	0	0	67	154	ARF5	VAMP2
9606.ENSP00000000233	9606.ENSP00000441497	0	0	0	0	0	0	0	0	0	0	0	157	55	169	ARF5	SERPINB11
9606.ENSP00000000233	9606.ENSP00000385995	0	0	0	0	0	0	0	0	0	0	0	91	250	289	ARF5	THADA
9606.ENSP00000000233	9606.ENSP00000384996	0	0	0	0	0	0	0	0	150	0	0	0	48	156	ARF5	TBC1D10A
9606.ENSP00000000233	9606.ENSP00000422037	0	0	0	0	0	0	0	0	0	0	0	171	0	171	ARF5	NFXL1
9606.ENSP00000000233	9606.ENSP00000419361	0	0	0	0	0	0	62	0	138	0	0	0	55	169	ARF5	ADCY5
9606.ENSP00000000233	9606.ENSP00000261837	0	0	0	0	0	0	0	0	152	0	0	0	59	167	ARF5	GNB5
9606.ENSP00000000233	9606.ENSP00000259351	0	0	0	0	0	0	0	0	161	0	0	0	58	175	ARF5	RALGPS1
9606.ENSP00000000233	9606.ENSP00000264454	0	0	0	0	0	0	83	0	158	0	0	0	141	278	ARF5	SEC22C
9606.ENSP00000000233	9606.ENSP00000362413	0	0	0	0	0	0	62	0	152	0	0	0	77	201	ARF5	PGK1
9606.ENSP00000000233	9606.ENSP00000313854	0	0	0	0	0	0	62	0	137	0	0	0	0	155	ARF5	CLPTM1L
9606.ENSP00000000233	9606.ENSP00000357475	0	0	0	0	0	0	0	0	152	0	0	0	55	164	ARF5	ATP8B2
9606.ENSP00000000233	9606.ENSP00000272233	0	0	0	0	0	0	107	0	56	0	0	0	137	208	ARF5	RHOB
9606.ENSP00000000233	9606.ENSP00000427463	0	0	0	0	0	155	62	0	0	0	0	0	79	206	ARF5	SPCS3
9606.ENSP00000000233	9606.ENSP00000373905	0	0	0	0	0	62	83	0	65	0	0	125	145	288	ARF5	DNM2
9606.ENSP00000000233	9606.ENSP00000267584	0	0	0	0	0	0	62	0	134	0	0	0	81	188	ARF5	AK7
9606.ENSP00000000233	9606.ENSP00000321537	0	0	0	0	0	0	0	0	145	0	0	0	51	153	ARF5	LLGL1
9606.ENSP00000000233	9606.ENSP00000227756	0	0	0	0	0	0	0	0	0	0	0	142	303	376	ARF5	GALNT18
9606.ENSP00000000233	9606.ENSP00000381535	0	0	0	0	0	0	49	0	150	0	0	0	55	169	ARF5	STK32A
9606.ENSP00000000233	9606.ENSP00000306752	0	0	0	0	0	0	0	0	151	0	0	0	52	160	ARF5	BOLA2B
9606.ENSP00000000233	9606.ENSP00000272322	0	0	0	0	0	0	0	0	126	0	0	0	146	221	ARF5	VPS54
9606.ENSP00000000233	9606.ENSP00000044462	0	0	0	0	0	0	64	0	64	0	0	0	121	162	ARF5	PSMA4
9606.ENSP00000000233	9606.ENSP00000341247	0	0	0	0	0	0	62	0	77	0	0	0	213	259	ARF5	GSPT2
9606.ENSP00000000233	9606.ENSP00000447942	0	0	0	0	0	0	166	0	0	0	0	0	0	165	ARF5	PFDN5
9606.ENSP00000000233	9606.ENSP00000319096	0	0	0	0	0	0	61	0	149	0	0	61	101	235	ARF5	RAP2B
9606.ENSP00000000233	9606.ENSP00000373215	0	0	0	0	0	0	0	0	145	0	0	112	0	208	ARF5	CADPS
9606.ENSP00000000233	9606.ENSP00000256953	0	0	0	0	0	0	61	0	0	0	0	0	154	171	ARF5	RERG
9606.ENSP00000000233	9606.ENSP00000387307	0	0	0	0	0	0	62	0	152	0	0	0	142	257	ARF5	RAB6C
9606.ENSP00000000233	9606.ENSP00000476145	0	0	0	0	0	0	68	0	140	0	0	0	59	179	ARF5	FRK
9606.ENSP00000000233	9606.ENSP00000243298	0	0	0	0	0	0	62	0	77	0	0	0	138	188	ARF5	RAB9B
9606.ENSP00000000233	9606.ENSP00000398803	0	0	0	0	0	69	62	0	92	0	0	0	67	161	ARF5	TSTA3
9606.ENSP00000000233	9606.ENSP00000306330	0	0	0	0	0	45	64	0	136	0	0	0	53	170	ARF5	YWHAG
9606.ENSP00000000233	9606.ENSP00000359370	0	0	0	0	0	0	54	0	169	0	0	0	207	322	ARF5	SEC31B
9606.ENSP00000000233	9606.ENSP00000302895	0	0	0	0	0	0	0	0	147	0	0	218	49	310	ARF5	ARAP2
9606.ENSP00000000233	9606.ENSP00000376293	0	0	0	0	0	0	51	0	65	0	0	0	140	170	ARF5	OSBPL6
9606.ENSP00000000233	9606.ENSP00000225972	0	0	0	0	0	0	66	0	125	0	0	0	52	157	ARF5	LRRC59
9606.ENSP00000000233	9606.ENSP00000296518	0	0	0	0	0	0	62	0	138	0	0	0	55	169	ARF5	GUCY1A3
9606.ENSP00000000233	9606.ENSP00000234454	0	0	0	0	0	0	62	0	78	0	0	145	189	320	ARF5	SPR
9606.ENSP00000000233	9606.ENSP00000376333	0	0	0	0	0	0	0	0	145	0	0	0	51	153	ARF5	LLGL2
9606.ENSP00000000233	9606.ENSP00000400972	0	0	0	0	0	0	53	0	147	0	0	0	85	196	ARF5	AGAP6
9606.ENSP00000000233	9606.ENSP00000303830	0	0	0	0	0	0	0	0	140	0	0	0	90	183	ARF5	INSR
9606.ENSP00000000233	9606.ENSP00000400175	0	0	0	0	0	0	108	0	56	0	0	150	137	299	ARF5	RHOA
9606.ENSP00000000233	9606.ENSP00000355759	0	0	0	0	0	0	0	0	58	0	0	535	0	543	ARF5	PARP1
9606.ENSP00000000233	9606.ENSP00000485450	0	0	0	0	0	0	0	0	101	0	0	0	144	197	ARF5	HNRNPCL2
9606.ENSP00000000233	9606.ENSP00000216181	0	0	0	0	0	0	51	0	139	0	0	0	50	155	ARF5	MYH9
9606.ENSP00000000233	9606.ENSP00000336799	0	0	0	0	0	45	63	0	149	0	0	81	75	234	ARF5	TUBA1B
9606.ENSP00000000233	9606.ENSP00000387286	0	0	0	0	659	47	73	0	248	600	0	151	249	730	ARF5	RAB1A
9606.ENSP00000000233	9606.ENSP00000361892	0	0	0	0	0	0	112	0	89	0	0	0	43	158	ARF5	STK4
9606.ENSP00000000233	9606.ENSP00000339467	0	0	0	0	0	54	62	0	56	0	0	161	111	261	ARF5	RHOG
9606.ENSP00000000233	9606.ENSP00000420849	0	0	0	0	0	0	65	0	127	0	0	0	50	156	ARF5	NIM1K
9606.ENSP00000000233	9606.ENSP00000331342	0	0	0	0	0	0	0	0	0	0	0	500	0	499	ARF5	RAB11FIP1
9606.ENSP00000000233	9606.ENSP00000460380	0	0	0	0	0	0	63	0	150	0	0	54	142	267	ARF5	USP6
9606.ENSP00000000233	9606.ENSP00000264161	0	0	0	0	0	0	62	0	179	0	0	0	58	211	ARF5	DARS
9606.ENSP00000000233	9606.ENSP00000427114	0	0	0	0	0	0	62	0	0	0	0	0	303	318	ARF5	FYB
9606.ENSP00000000233	9606.ENSP00000258787	0	0	0	0	0	0	146	0	139	0	0	0	48	238	ARF5	MYO1G
9606.ENSP00000000233	9606.ENSP00000311962	0	0	0	0	0	0	0	0	56	0	0	243	302	457	ARF5	GGA2
9606.ENSP00000000233	9606.ENSP00000334448	0	0	0	0	0	0	0	0	0	0	0	112	108	174	ARF5	GNG2
9606.ENSP00000000233	9606.ENSP00000263334	0	0	0	0	0	0	62	0	77	0	0	0	101	153	ARF5	PAX8
9606.ENSP00000000233	9606.ENSP00000466898	0	0	0	0	0	0	62	210	0	0	0	0	0	227	ARF5	LPPR2
9606.ENSP00000000233	9606.ENSP00000348349	0	0	0	0	0	0	51	0	248	0	0	0	67	276	ARF5	MYO9A
9606.ENSP00000000233	9606.ENSP00000295256	0	0	0	0	0	0	0	0	103	0	0	424	0	461	ARF5	HPGDS
9606.ENSP00000000233	9606.ENSP00000363988	0	0	0	0	0	0	62	0	157	0	0	0	0	175	ARF5	ALDOB
9606.ENSP00000000233	9606.ENSP00000445359	0	0	0	0	0	0	0	0	152	0	0	0	55	164	ARF5	ATP8B1
9606.ENSP00000000233	9606.ENSP00000442046	0	0	0	0	0	0	51	0	177	0	0	0	58	200	ARF5	TMTC1
9606.ENSP00000000233	9606.ENSP00000272427	0	0	0	0	0	0	0	0	149	0	0	0	111	211	ARF5	EXOC6B
9606.ENSP00000000233	9606.ENSP00000358474	0	0	0	0	0	0	62	0	148	0	0	0	0	166	ARF5	BRCC3
9606.ENSP00000000233	9606.ENSP00000312224	0	0	0	0	0	0	62	0	140	0	0	0	0	158	ARF5	DTD2
9606.ENSP00000000233	9606.ENSP00000471735	0	0	0	0	0	62	62	0	148	0	0	0	0	184	ARF5	MPND
9606.ENSP00000000233	9606.ENSP00000233078	0	0	0	0	0	0	62	272	0	0	0	0	0	287	ARF5	DAZAP1
9606.ENSP00000000233	9606.ENSP00000264183	0	0	0	0	0	0	0	0	57	0	0	108	189	258	ARF5	ARID4B
9606.ENSP00000000233	9606.ENSP00000346921	0	0	0	0	0	0	62	0	179	0	0	0	81	230	ARF5	AK2
9606.ENSP00000000233	9606.ENSP00000349960	0	0	0	0	0	68	63	0	104	0	0	138	139	313	ARF5	ACTB
9606.ENSP00000000233	9606.ENSP00000380432	0	0	0	0	0	0	0	0	0	600	0	53	0	605	ARF5	INS
9606.ENSP00000000233	9606.ENSP00000376306	0	0	0	0	0	0	0	0	213	0	0	0	59	227	ARF5	CIT
9606.ENSP00000000233	9606.ENSP00000466248	0	0	0	0	0	0	0	0	148	0	0	0	59	163	ARF5	PLK5
9606.ENSP00000000233	9606.ENSP00000468837	0	0	0	0	0	0	0	0	150	0	0	0	51	158	ARF5	ENSG00000268434
9606.ENSP00000000233	9606.ENSP00000339191	0	0	0	0	0	0	0	0	92	0	0	0	107	154	ARF5	CAV1
9606.ENSP00000000233	9606.ENSP00000299705	0	0	0	0	0	49	52	0	0	600	0	0	0	607	ARF5	TMED3
9606.ENSP00000000233	9606.ENSP00000442307	0	0	0	0	0	0	0	0	143	0	0	0	58	158	ARF5	ECT2L
9606.ENSP00000000233	9606.ENSP00000375682	0	0	0	0	0	0	0	274	56	0	0	0	48	290	ARF5	KLK8
9606.ENSP00000000233	9606.ENSP00000377280	0	0	0	0	0	0	0	0	212	0	0	107	142	343	ARF5	FBXO8
9606.ENSP00000000233	9606.ENSP00000377275	0	0	0	0	0	0	0	0	0	0	0	230	68	251	ARF5	GOLGB1
9606.ENSP00000000233	9606.ENSP00000262812	0	0	0	0	0	140	97	0	163	600	0	108	111	745	ARF5	COPE
9606.ENSP00000000233	9606.ENSP00000482306	0	0	0	0	0	0	64	0	213	0	0	0	42	232	ARF5	TTC8
9606.ENSP00000000233	9606.ENSP00000215659	0	0	0	0	0	0	0	0	163	0	0	0	59	178	ARF5	MAPK12
9606.ENSP00000000233	9606.ENSP00000360985	0	0	0	0	0	0	0	0	284	0	0	44	254	444	ARF5	ARFGEF2
9606.ENSP00000000233	9606.ENSP00000290158	0	0	0	0	0	0	0	0	0	0	0	0	176	175	ARF5	KPNB1
9606.ENSP00000000233	9606.ENSP00000397459	0	0	0	0	0	0	62	83	126	0	0	0	48	188	ARF5	DUSP22
9606.ENSP00000000233	9606.ENSP00000287394	0	0	0	0	0	0	0	0	63	0	0	0	138	157	ARF5	ATAD2
9606.ENSP00000000233	9606.ENSP00000262746	0	0	0	0	0	0	62	0	149	0	0	81	62	219	ARF5	PRDX1
9606.ENSP00000000233	9606.ENSP00000356702	0	0	0	0	0	0	62	0	142	0	0	0	42	161	ARF5	PIGC
9606.ENSP00000000233	9606.ENSP00000354040	0	0	0	0	0	0	62	0	56	0	0	270	0	297	ARF5	GTPBP4
9606.ENSP00000000233	9606.ENSP00000219479	0	0	0	0	0	0	0	212	0	0	0	0	0	212	ARF5	NME4
9606.ENSP00000000233	9606.ENSP00000324277	0	0	0	0	0	0	0	0	0	0	0	49	174	180	ARF5	APOLD1
9606.ENSP00000000233	9606.ENSP00000158762	0	0	0	0	0	0	0	0	147	0	0	723	86	765	ARF5	ACAP1
9606.ENSP00000000233	9606.ENSP00000449270	0	0	0	0	0	109	98	0	210	600	0	0	194	757	ARF5	COPZ1
9606.ENSP00000000233	9606.ENSP00000351777	0	0	0	0	0	62	49	0	104	0	0	0	71	158	ARF5	VCP
9606.ENSP00000000233	9606.ENSP00000264335	0	0	0	0	0	48	65	0	136	0	0	70	53	199	ARF5	YWHAE
9606.ENSP00000000233	9606.ENSP00000311430	0	0	0	0	0	0	62	0	180	0	0	0	0	197	ARF5	RPL4
9606.ENSP00000000233	9606.ENSP00000357883	0	0	0	0	0	0	63	213	119	0	0	46	101	341	ARF5	PIP5K1A
9606.ENSP00000000233	9606.ENSP00000480707	0	0	0	0	0	0	98	0	187	600	0	0	194	731	ARF5	COPZ2
9606.ENSP00000000233	9606.ENSP00000267484	0	0	0	0	0	0	63	0	127	0	0	0	54	158	ARF5	RTN1
9606.ENSP00000000233	9606.ENSP00000416097	0	0	0	0	0	0	62	0	0	0	0	299	76	339	ARF5	GOLGA2
9606.ENSP00000000233	9606.ENSP00000361473	0	0	0	0	0	0	0	0	59	0	0	0	137	153	ARF5	KDM4A
9606.ENSP00000000233	9606.ENSP00000265709	0	0	0	0	0	0	62	0	76	600	0	0	55	628	ARF5	ANK1
9606.ENSP00000000233	9606.ENSP00000342136	0	0	0	0	0	0	52	0	0	0	0	134	101	197	ARF5	CREB3
9606.ENSP00000000233	9606.ENSP00000433102	0	0	0	0	0	0	0	0	56	0	0	0	212	224	ARF5	TRIM3
9606.ENSP00000000233	9606.ENSP00000300574	0	0	0	0	0	0	83	0	0	0	0	73	101	169	ARF5	CRK
9606.ENSP00000000233	9606.ENSP00000320866	0	0	0	0	0	56	84	0	0	0	0	0	146	197	ARF5	CALR
9606.ENSP00000000233	9606.ENSP00000334100	0	0	0	0	0	0	0	0	185	0	0	571	140	673	ARF5	EXOC7
9606.ENSP00000000233	9606.ENSP00000263245	0	0	0	0	0	0	63	0	391	600	0	391	255	877	ARF5	ARFGAP3
9606.ENSP00000000233	9606.ENSP00000222803	0	0	0	0	0	0	0	0	0	0	0	150	179	272	ARF5	FKBP14
9606.ENSP00000000233	9606.ENSP00000217182	0	0	0	0	0	0	62	0	96	0	0	0	189	252	ARF5	EEF1A2
9606.ENSP00000000233	9606.ENSP00000346599	0	0	0	0	0	0	62	0	126	0	0	0	48	151	ARF5	STYX
9606.ENSP00000000233	9606.ENSP00000354837	0	0	0	0	0	0	0	0	153	0	0	0	58	168	ARF5	ARHGEF2
9606.ENSP00000000233	9606.ENSP00000300093	0	0	0	0	0	0	0	0	148	0	0	0	59	163	ARF5	PLK1
9606.ENSP00000000233	9606.ENSP00000452762	0	0	0	0	0	0	0	550	58	0	0	0	0	557	ARF5	ETFA
9606.ENSP00000000233	9606.ENSP00000325074	0	0	0	0	0	0	55	0	144	0	0	0	58	171	ARF5	PPP2R2A
9606.ENSP00000000233	9606.ENSP00000280700	0	0	0	0	0	0	0	0	0	0	0	139	191	273	ARF5	NGLY1
9606.ENSP00000000233	9606.ENSP00000283195	0	0	0	0	0	0	62	0	156	0	0	0	62	192	ARF5	RANBP2
9606.ENSP00000000233	9606.ENSP00000483965	0	0	0	0	0	0	49	0	150	0	0	0	48	163	ARF5	TBC1D3E
9606.ENSP00000000233	9606.ENSP00000475168	0	0	0	0	0	61	64	0	70	0	0	0	107	172	ARF5	RER1
9606.ENSP00000000233	9606.ENSP00000431165	0	0	0	0	0	0	0	0	175	0	0	0	58	189	ARF5	ENSG00000258472
9606.ENSP00000000233	9606.ENSP00000265462	0	0	0	0	0	68	0	0	155	0	0	0	43	180	ARF5	PRDX5
9606.ENSP00000000233	9606.ENSP00000255194	0	0	0	0	0	59	48	270	375	0	0	0	77	553	ARF5	AP3B1
9606.ENSP00000000233	9606.ENSP00000278572	0	0	0	0	0	0	101	0	76	0	0	0	59	150	ARF5	RPS3
9606.ENSP00000000233	9606.ENSP00000371230	0	0	0	0	0	0	62	0	134	0	0	0	81	188	ARF5	AK3
9606.ENSP00000000233	9606.ENSP00000336994	0	0	0	0	0	77	62	0	137	0	0	0	0	187	ARF5	CLPTM1
9606.ENSP00000000233	9606.ENSP00000327145	0	0	0	0	0	0	62	0	76	0	0	90	107	201	ARF5	FLNC
9606.ENSP00000000233	9606.ENSP00000251047	0	0	0	0	0	0	62	0	144	0	0	258	110	398	ARF5	LMAN1
9606.ENSP00000000233	9606.ENSP00000296526	0	0	0	0	0	0	0	0	57	0	0	326	0	337	ARF5	GRIA2
9606.ENSP00000000233	9606.ENSP00000409382	0	0	0	0	0	0	62	0	212	0	0	0	85	264	ARF5	CRACR2A
9606.ENSP00000000233	9606.ENSP00000364579	0	0	0	0	0	0	64	0	150	0	0	0	48	176	ARF5	GRTP1
9606.ENSP00000000233	9606.ENSP00000381293	0	0	0	0	0	46	62	0	104	0	0	0	134	212	ARF5	NSF
9606.ENSP00000000233	9606.ENSP00000217133	0	0	0	0	0	0	64	0	149	0	0	0	79	202	ARF5	TUBB1
9606.ENSP00000000233	9606.ENSP00000442382	0	0	0	0	0	0	0	0	59	0	0	0	137	153	ARF5	JHDM3C
9606.ENSP00000000233	9606.ENSP00000294016	0	0	0	0	0	0	62	0	138	0	0	0	55	169	ARF5	ADCY9
9606.ENSP00000000233	9606.ENSP00000440005	0	0	0	447	978	77	64	679	0	900	0	850	107	969	ARF5	ARF1
9606.ENSP00000000233	9606.ENSP00000270747	0	0	0	0	0	0	0	0	153	0	0	0	49	160	ARF5	ARHGEF19
9606.ENSP00000000233	9606.ENSP00000269980	0	0	0	0	0	0	62	0	0	0	0	43	139	159	ARF5	BCKDHA
9606.ENSP00000000233	9606.ENSP00000482630	0	0	0	0	0	0	49	0	150	0	0	0	48	163	ARF5	TBC1D3H
9606.ENSP00000000233	9606.ENSP00000383234	0	0	0	0	0	0	0	0	163	0	0	0	59	178	ARF5	MAPK4
9606.ENSP00000000233	9606.ENSP00000250617	0	0	0	0	0	0	0	0	56	0	0	123	101	190	ARF5	ARHGEF6
9606.ENSP00000000233	9606.ENSP00000324792	0	0	0	0	0	0	63	0	170	0	0	0	72	215	ARF5	NFATC2IP
9606.ENSP00000000233	9606.ENSP00000309591	0	0	0	0	0	68	65	0	148	0	0	0	61	209	ARF5	PRKACA
9606.ENSP00000000233	9606.ENSP00000341658	0	0	0	0	0	0	62	0	126	0	0	0	48	151	ARF5	DUSP15
9606.ENSP00000000233	9606.ENSP00000351015	0	0	0	0	0	0	0	0	181	0	0	0	63	199	ARF5	NF1
9606.ENSP00000000233	9606.ENSP00000371070	0	0	0	0	0	0	0	0	152	0	0	0	70	177	ARF5	ATP8A2
9606.ENSP00000000233	9606.ENSP00000375649	0	0	0	0	0	0	0	0	0	0	0	0	213	213	ARF5	MYADM
9606.ENSP00000000233	9606.ENSP00000439189	0	0	0	0	0	0	63	0	104	0	0	0	139	214	ARF5	POTEE
9606.ENSP00000000233	9606.ENSP00000270176	0	0	0	0	0	111	0	0	0	0	0	229	58	297	ARF5	SCYL1
9606.ENSP00000000233	9606.ENSP00000358723	0	0	0	0	0	0	62	0	0	0	0	122	142	231	ARF5	RAP1A
9606.ENSP00000000233	9606.ENSP00000428209	0	0	0	0	0	0	63	0	0	0	0	0	138	157	ARF5	UBE2V2
9606.ENSP00000000233	9606.ENSP00000285518	0	0	0	0	0	0	0	0	105	0	0	0	101	160	ARF5	AGPAT5
9606.ENSP00000000233	9606.ENSP00000265069	0	0	0	0	0	0	0	0	56	0	0	124	55	150	ARF5	ZFR
9606.ENSP00000000233	9606.ENSP00000382492	0	0	0	0	0	0	64	0	139	0	0	0	43	161	ARF5	RADIL
9606.ENSP00000000233	9606.ENSP00000225235	0	0	0	0	0	0	60	0	150	0	0	0	48	172	ARF5	TBC1D12
9606.ENSP00000000233	9606.ENSP00000300176	0	0	0	0	0	0	0	0	147	0	0	0	49	154	ARF5	AGFG2
9606.ENSP00000000233	9606.ENSP00000478479	0	0	0	0	0	0	63	0	0	0	0	90	161	222	ARF5	RAB18
9606.ENSP00000000233	9606.ENSP00000460964	0	0	0	0	0	0	0	0	0	0	0	0	257	256	ARF5	ATPAF1
9606.ENSP00000000233	9606.ENSP00000281589	0	0	0	0	0	0	0	0	77	0	0	0	135	167	ARF5	PABPC3
9606.ENSP00000000233	9606.ENSP00000324527	0	0	0	0	0	0	122	0	139	0	0	0	48	217	ARF5	MYO1D
9606.ENSP00000000233	9606.ENSP00000264071	0	0	0	0	0	0	64	0	149	0	0	0	101	221	ARF5	TUBB4A
9606.ENSP00000000233	9606.ENSP00000268057	0	0	0	0	0	0	51	0	177	0	0	0	58	200	ARF5	BBS4
9606.ENSP00000000233	9606.ENSP00000325002	0	0	0	0	0	0	62	0	315	600	0	0	215	771	ARF5	COPG1
9606.ENSP00000000233	9606.ENSP00000378669	0	0	0	0	0	88	62	0	157	0	0	0	0	215	ARF5	ALDOA
9606.ENSP00000000233	9606.ENSP00000443246	0	0	0	0	0	0	62	0	0	0	0	0	139	157	ARF5	ENSG00000255730
9606.ENSP00000000233	9606.ENSP00000377086	0	56	0	0	0	0	51	0	177	0	0	0	58	212	ARF5	LONRF2
9606.ENSP00000000233	9606.ENSP00000272238	0	0	0	0	0	0	62	0	148	0	0	0	0	166	ARF5	ATP6V1C2
9606.ENSP00000000233	9606.ENSP00000303437	0	0	0	0	0	0	63	0	128	0	0	0	62	166	ARF5	TSNARE1
9606.ENSP00000000233	9606.ENSP00000262719	0	0	0	0	0	0	62	0	138	0	0	0	55	169	ARF5	PHLPP1
9606.ENSP00000000233	9606.ENSP00000300249	0	0	0	0	0	0	63	0	101	0	0	66	59	160	ARF5	MAPRE2
9606.ENSP00000000233	9606.ENSP00000413697	0	0	0	0	0	0	62	0	102	0	0	57	246	320	ARF5	TOM1
9606.ENSP00000000233	9606.ENSP00000354080	0	0	0	0	0	0	0	0	58	0	0	0	188	202	ARF5	SCUBE1
9606.ENSP00000000233	9606.ENSP00000352995	0	0	0	0	0	0	0	0	153	0	0	0	58	168	ARF5	ARHGEF18
9606.ENSP00000000233	9606.ENSP00000349503	0	0	0	0	0	0	0	0	65	0	0	119	118	210	ARF5	ZBTB14
9606.ENSP00000000233	9606.ENSP00000265717	0	0	0	0	0	0	93	0	131	0	0	0	58	192	ARF5	PRKAR2B
9606.ENSP00000000233	9606.ENSP00000362590	0	0	0	0	0	0	62	0	104	0	0	0	106	183	ARF5	TBC1D22B
9606.ENSP00000000233	9606.ENSP00000395083	0	0	0	0	0	0	0	270	102	0	0	669	101	778	ARF5	ARFIP1
9606.ENSP00000000233	9606.ENSP00000362115	0	0	0	0	0	0	0	0	162	0	0	108	122	286	ARF5	INPP5B
9606.ENSP00000000233	9606.ENSP00000348429	0	0	0	0	0	0	62	0	142	0	0	0	0	160	ARF5	ACSL5
9606.ENSP00000000233	9606.ENSP00000365773	0	0	0	0	0	0	0	272	79	0	0	0	0	300	ARF5	PSAT1
9606.ENSP00000000233	9606.ENSP00000350012	0	0	0	0	0	0	0	0	142	0	0	0	77	174	ARF5	ACSL3
9606.ENSP00000000233	9606.ENSP00000261636	0	0	0	0	957	0	64	0	152	0	0	404	218	189	ARF5	ARL1
9606.ENSP00000000233	9606.ENSP00000296271	0	0	0	0	0	0	0	0	56	0	0	211	304	436	ARF5	RHO
9606.ENSP00000000233	9606.ENSP00000468424	0	0	0	0	0	0	62	0	105	0	0	0	248	313	ARF5	NMT1
9606.ENSP00000000233	9606.ENSP00000333037	0	0	0	0	0	0	0	0	104	0	0	246	78	322	ARF5	ACTRT3
9606.ENSP00000000233	9606.ENSP00000363970	0	0	0	0	0	0	84	0	56	0	0	0	107	160	ARF5	MAP1LC3A
9606.ENSP00000000233	9606.ENSP00000280333	0	0	0	0	0	0	0	0	162	0	0	112	67	245	ARF5	DOCK1
9606.ENSP00000000233	9606.ENSP00000399970	0	0	0	0	0	0	55	0	144	0	0	0	58	171	ARF5	PPP2R2D
9606.ENSP00000000233	9606.ENSP00000246554	0	0	0	0	0	88	0	275	0	0	0	0	0	310	ARF5	COX6B1
9606.ENSP00000000233	9606.ENSP00000350386	0	0	0	0	0	0	0	0	180	0	0	0	63	198	ARF5	CHM
9606.ENSP00000000233	9606.ENSP00000329468	0	0	0	0	0	0	62	0	147	0	0	149	138	334	ARF5	ADAP2
9606.ENSP00000000233	9606.ENSP00000454229	0	0	0	0	0	77	0	270	58	0	0	0	101	353	ARF5	CLN3
9606.ENSP00000000233	9606.ENSP00000211287	0	0	0	0	0	0	0	0	163	0	0	0	59	178	ARF5	MAPK13
9606.ENSP00000000233	9606.ENSP00000285208	0	0	0	0	0	0	62	0	152	0	0	150	142	342	ARF5	RAB6B
9606.ENSP00000000233	9606.ENSP00000353444	0	0	0	0	0	0	53	272	73	0	0	0	177	403	ARF5	RAB5B
9606.ENSP00000000233	9606.ENSP00000223366	0	0	0	0	0	0	0	0	162	0	0	0	47	167	ARF5	GCK
9606.ENSP00000000233	9606.ENSP00000316845	0	0	0	0	0	0	62	0	167	0	0	0	59	200	ARF5	ARHGEF4
9606.ENSP00000000233	9606.ENSP00000280706	0	0	0	0	0	0	0	272	62	0	0	0	0	287	ARF5	LDHAL6A
9606.ENSP00000000233	9606.ENSP00000367220	0	0	0	0	0	0	52	0	104	0	0	0	80	150	ARF5	ACTR2
9606.ENSP00000000233	9606.ENSP00000251157	0	0	0	0	0	0	0	0	162	0	0	0	58	176	ARF5	DOCK7
9606.ENSP00000000233	9606.ENSP00000418734	0	0	0	0	0	0	62	0	148	0	0	0	0	166	ARF5	MYSM1
9606.ENSP00000000233	9606.ENSP00000360916	0	0	0	0	0	0	0	0	129	0	0	59	58	160	ARF5	VAV2
9606.ENSP00000000233	9606.ENSP00000331748	0	0	0	0	646	48	62	0	212	0	0	0	121	257	ARF5	RAB12
9606.ENSP00000000233	9606.ENSP00000363092	0	0	0	0	0	0	70	0	131	0	0	0	54	168	ARF5	PRKG1
9606.ENSP00000000233	9606.ENSP00000239690	0	0	0	0	0	0	0	270	0	0	0	0	48	275	ARF5	NUDCD1
9606.ENSP00000000233	9606.ENSP00000318635	0	0	0	0	0	0	63	0	213	0	0	0	72	255	ARF5	SUMO4
9606.ENSP00000000233	9606.ENSP00000350052	0	0	0	0	0	0	63	0	104	0	0	67	139	235	ARF5	POTEF
9606.ENSP00000000233	9606.ENSP00000439182	0	0	0	0	0	0	122	0	139	0	0	0	43	213	ARF5	MYO1H
9606.ENSP00000000233	9606.ENSP00000280551	0	0	0	0	0	0	65	0	93	0	0	0	138	205	ARF5	SEC24D
9606.ENSP00000000233	9606.ENSP00000349467	0	0	0	332	0	0	62	0	77	0	0	0	101	410	ARF5	CALM1
9606.ENSP00000000233	9606.ENSP00000256637	0	0	0	0	0	0	58	0	0	0	0	0	145	160	ARF5	SORT1
9606.ENSP00000000233	9606.ENSP00000366283	0	0	0	0	0	0	0	0	62	0	0	134	63	172	ARF5	SLITRK5
9606.ENSP00000000233	9606.ENSP00000350199	0	0	0	0	0	72	0	213	251	0	0	140	76	486	ARF5	AP1B1
9606.ENSP00000000233	9606.ENSP00000471457	0	0	0	0	0	0	51	0	248	0	0	0	67	276	ARF5	MYO9B
9606.ENSP00000000233	9606.ENSP00000382177	0	0	0	0	0	0	64	0	139	0	0	89	141	284	ARF5	MYO5A
9606.ENSP00000000233	9606.ENSP00000251472	0	0	0	0	0	0	0	0	153	0	0	0	62	171	ARF5	MAST1
9606.ENSP00000000233	9606.ENSP00000381098	0	0	0	0	0	0	0	0	58	0	0	324	0	335	ARF5	GRIP1
9606.ENSP00000000233	9606.ENSP00000379506	0	0	0	0	0	0	62	0	178	0	0	0	43	197	ARF5	RPL14
9606.ENSP00000000233	9606.ENSP00000298545	0	0	0	0	0	0	63	0	134	0	0	0	107	212	ARF5	AK8
9606.ENSP00000000233	9606.ENSP00000337797	0	0	0	0	0	0	62	0	167	0	0	0	48	191	ARF5	PIDD1
9606.ENSP00000000233	9606.ENSP00000366488	0	0	0	0	0	0	65	0	148	0	0	0	61	186	ARF5	PRKACG
9606.ENSP00000000233	9606.ENSP00000313007	0	0	0	0	0	0	0	0	77	0	0	0	135	167	ARF5	PABPC1
9606.ENSP00000000233	9606.ENSP00000338864	0	0	0	0	0	0	0	0	161	0	0	0	58	175	ARF5	RASGRP2
9606.ENSP00000000233	9606.ENSP00000379838	0	0	0	0	0	0	0	0	128	0	0	0	67	151	ARF5	CARHSP1
9606.ENSP00000000233	9606.ENSP00000262848	0	0	0	0	0	0	65	0	148	0	0	0	61	186	ARF5	PRKX
9606.ENSP00000000233	9606.ENSP00000482472	0	0	0	0	0	0	63	0	136	0	0	0	47	161	ARF5	LPP
9606.ENSP00000000233	9606.ENSP00000264051	0	0	0	0	0	0	0	0	153	0	0	0	49	160	ARF5	NGEF
9606.ENSP00000000233	9606.ENSP00000290573	0	0	0	0	0	0	0	0	162	0	0	0	47	167	ARF5	HK2
9606.ENSP00000000233	9606.ENSP00000368566	0	0	0	0	0	0	62	0	142	0	0	92	0	205	ARF5	ACSL6
9606.ENSP00000000233	9606.ENSP00000251453	0	0	0	0	0	60	63	0	125	0	0	0	0	162	ARF5	RPS16
9606.ENSP00000000233	9606.ENSP00000378313	0	0	0	0	0	0	0	0	153	0	0	46	58	172	ARF5	RAB3IL1
9606.ENSP00000000233	9606.ENSP00000257904	0	0	0	0	0	0	0	0	102	0	0	66	79	160	ARF5	CDK4
9606.ENSP00000000233	9606.ENSP00000355651	0	0	0	0	0	0	49	0	0	0	0	184	102	242	ARF5	RAB4A
9606.ENSP00000000233	9606.ENSP00000401435	0	0	0	0	0	61	0	0	124	0	0	0	109	203	ARF5	VPS53
9606.ENSP00000000233	9606.ENSP00000360922	0	0	0	0	0	0	0	270	60	0	0	0	62	300	ARF5	STAU1
9606.ENSP00000000233	9606.ENSP00000329419	0	0	0	0	0	58	112	0	276	600	0	73	212	781	ARF5	COPB2
9606.ENSP00000000233	9606.ENSP00000314976	0	0	0	0	0	0	0	187	0	0	0	0	0	187	ARF5	IL20RA
9606.ENSP00000000233	9606.ENSP00000311083	0	0	0	0	0	0	0	0	0	0	0	74	188	215	ARF5	CKS1B
9606.ENSP00000000233	9606.ENSP00000347416	0	0	0	0	0	48	62	0	185	0	0	410	107	546	ARF5	AP3D1
9606.ENSP00000000233	9606.ENSP00000306124	0	0	0	0	0	0	0	0	175	0	0	0	58	189	ARF5	PRKCE
9606.ENSP00000000233	9606.ENSP00000344961	0	0	0	0	0	0	0	0	153	0	0	0	49	160	ARF5	PLEKHG7
9606.ENSP00000000233	9606.ENSP00000358293	0	0	0	0	0	0	86	0	143	0	0	0	43	184	ARF5	CCDC186
9606.ENSP00000000233	9606.ENSP00000294179	0	0	0	0	0	63	63	0	94	0	0	0	139	223	ARF5	STX5
9606.ENSP00000000233	9606.ENSP00000371253	0	0	0	0	0	0	62	0	0	0	0	0	144	162	ARF5	GART
9606.ENSP00000000233	9606.ENSP00000248437	0	0	0	0	0	0	63	0	149	0	0	0	75	198	ARF5	TUBA4A
9606.ENSP00000000233	9606.ENSP00000420127	0	0	0	0	0	0	62	0	77	0	0	0	138	188	ARF5	RAB9A
9606.ENSP00000000233	9606.ENSP00000290949	0	0	0	0	0	104	66	0	0	0	0	0	67	151	ARF5	ATP6V0D1
9606.ENSP00000000233	9606.ENSP00000361635	0	0	0	0	0	0	56	216	61	0	0	0	59	258	ARF5	VDAC2
9606.ENSP00000000233	9606.ENSP00000356030	0	0	0	0	0	0	0	0	0	600	0	0	0	600	ARF5	CD55
9606.ENSP00000000233	9606.ENSP00000439601	0	0	0	0	0	0	0	0	156	0	0	0	55	168	ARF5	HMHA1
9606.ENSP00000000233	9606.ENSP00000360154	0	0	0	0	0	0	0	0	88	0	0	0	122	165	ARF5	OCRL
9606.ENSP00000000233	9606.ENSP00000439625	0	0	0	0	0	0	0	0	153	0	0	0	49	160	ARF5	PLEKHG5
9606.ENSP00000000233	9606.ENSP00000347134	0	0	0	0	0	0	0	0	153	0	0	0	63	172	ARF5	NET1
9606.ENSP00000000233	9606.ENSP00000367766	0	0	0	0	0	0	64	0	77	0	0	0	249	294	ARF5	RPGR
9606.ENSP00000000233	9606.ENSP00000248929	0	0	0	0	0	64	0	0	150	0	0	0	48	176	ARF5	SGSM3
9606.ENSP00000000233	9606.ENSP00000232501	0	0	0	0	0	0	0	0	0	0	0	0	187	187	ARF5	NPRL2
9606.ENSP00000000233	9606.ENSP00000284509	0	0	0	0	0	0	0	0	152	0	0	0	55	164	ARF5	ATP8B4
9606.ENSP00000000233	9606.ENSP00000019317	0	0	0	0	0	0	0	0	145	0	0	74	42	175	ARF5	RALBP1
9606.ENSP00000000233	9606.ENSP00000339906	0	0	0	0	0	0	49	0	77	0	0	249	99	326	ARF5	PAX4
9606.ENSP00000000233	9606.ENSP00000278568	0	0	0	0	0	0	0	0	180	0	0	0	108	237	ARF5	PAK1
9606.ENSP00000000233	9606.ENSP00000253719	0	0	0	0	0	0	63	0	150	0	0	0	48	175	ARF5	NAPSA
9606.ENSP00000000233	9606.ENSP00000242285	0	0	0	0	0	0	66	0	70	0	0	95	141	234	ARF5	CLTA
9606.ENSP00000000233	9606.ENSP00000388510	0	0	0	0	0	0	0	0	120	0	0	0	84	159	ARF5	RARG
9606.ENSP00000000233	9606.ENSP00000263967	0	0	0	0	0	0	0	0	151	0	0	0	52	160	ARF5	PIK3CA
9606.ENSP00000000233	9606.ENSP00000251337	0	0	0	0	0	0	52	0	167	0	0	108	101	282	ARF5	GNAT2
9606.ENSP00000000233	9606.ENSP00000318197	0	0	0	0	0	0	63	0	149	0	0	0	75	198	ARF5	TUBA3E
9606.ENSP00000000233	9606.ENSP00000353590	0	0	0	0	0	0	64	0	139	0	0	0	50	167	ARF5	MYH10
9606.ENSP00000000233	9606.ENSP00000288266	0	0	0	0	0	0	0	0	147	0	0	70	62	190	ARF5	APPL1
9606.ENSP00000000233	9606.ENSP00000216366	0	0	0	0	0	99	62	0	178	0	0	0	48	250	ARF5	AP4S1
9606.ENSP00000000233	9606.ENSP00000370889	0	0	0	0	0	0	0	0	0	0	0	0	175	175	ARF5	DENND1C
9606.ENSP00000000233	9606.ENSP00000381601	0	0	0	0	0	0	83	0	65	0	0	0	95	156	ARF5	MX1
9606.ENSP00000000233	9606.ENSP00000352603	0	0	0	0	0	0	62	0	223	0	0	0	67	260	ARF5	AP4M1
9606.ENSP00000000233	9606.ENSP00000432568	0	0	0	0	0	0	62	0	76	600	0	64	108	657	ARF5	SPTBN2
9606.ENSP00000000233	9606.ENSP00000381339	0	0	0	0	0	0	52	0	167	0	0	0	67	198	ARF5	GNAT3
9606.ENSP00000000233	9606.ENSP00000240874	0	0	0	0	0	0	0	0	150	0	0	134	109	286	ARF5	KALRN
9606.ENSP00000000233	9606.ENSP00000361298	0	0	0	0	0	0	62	0	86	0	0	0	107	167	ARF5	KIF2C
9606.ENSP00000000233	9606.ENSP00000443631	0	0	0	0	0	48	0	0	144	0	0	0	42	151	ARF5	PLCB3
9606.ENSP00000000233	9606.ENSP00000268035	0	0	0	0	0	0	0	0	140	0	0	0	90	183	ARF5	IGF1R
9606.ENSP00000000233	9606.ENSP00000254029	0	0	0	0	0	0	64	0	67	0	0	0	142	185	ARF5	WDR44
9606.ENSP00000000233	9606.ENSP00000373979	0	0	0	0	0	0	53	0	157	0	0	0	143	256	ARF5	TRAPPC9
9606.ENSP00000000233	9606.ENSP00000282908	0	0	0	0	0	0	49	0	150	0	0	0	55	169	ARF5	STK32B
9606.ENSP00000000233	9606.ENSP00000322170	0	0	0	0	0	0	57	0	126	0	0	0	63	160	ARF5	PFN4
9606.ENSP00000000233	9606.ENSP00000479618	0	0	0	0	0	0	0	0	57	0	0	141	0	155	ARF5	MYC
9606.ENSP00000000233	9606.ENSP00000003100	0	0	0	0	0	0	55	0	64	0	0	141	72	200	ARF5	CYP51A1
9606.ENSP00000000233	9606.ENSP00000293970	0	0	0	0	0	0	62	0	78	0	0	328	0	368	ARF5	TBC1D24
9606.ENSP00000000233	9606.ENSP00000245932	0	0	0	0	0	0	0	0	153	0	0	0	47	158	ARF5	VASP
9606.ENSP00000000233	9606.ENSP00000464893	0	0	0	0	0	0	108	270	141	0	0	0	0	391	ARF5	UNK
9606.ENSP00000000233	9606.ENSP00000225174	0	0	0	0	0	0	62	0	180	0	0	0	107	253	ARF5	PPIF
9606.ENSP00000000233	9606.ENSP00000302486	0	0	0	0	0	0	0	0	182	0	0	0	67	204	ARF5	MAP2K1
9606.ENSP00000000233	9606.ENSP00000359484	0	0	0	0	0	0	62	0	147	0	0	0	207	310	ARF5	SMAP1
9606.ENSP00000000233	9606.ENSP00000346046	0	0	0	0	0	0	64	0	197	0	0	0	0	216	ARF5	RPS17
9606.ENSP00000000233	9606.ENSP00000269299	0	0	0	0	0	0	0	0	57	0	0	82	107	159	ARF5	ASGR1
9606.ENSP00000000233	9606.ENSP00000365757	0	0	0	0	0	0	63	0	114	0	0	0	75	165	ARF5	PIP4K2A
9606.ENSP00000000233	9606.ENSP00000483552	0	0	0	0	0	0	62	0	56	0	0	134	135	247	ARF5	FURIN
9606.ENSP00000000233	9606.ENSP00000369643	0	0	0	0	0	0	62	129	56	0	0	0	0	161	ARF5	GRPR
9606.ENSP00000000233	9606.ENSP00000375892	0	0	0	0	0	0	0	0	140	0	0	64	47	165	ARF5	AKT2
9606.ENSP00000000233	9606.ENSP00000478755	0	0	0	0	0	0	80	0	124	0	0	0	78	192	ARF5	SEC14L2
9606.ENSP00000000233	9606.ENSP00000430774	0	0	0	0	0	0	62	0	105	0	0	0	80	160	ARF5	ENSG00000272772
9606.ENSP00000000233	9606.ENSP00000367686	0	0	0	0	0	0	0	0	180	0	0	0	61	197	ARF5	PAK7
9606.ENSP00000000233	9606.ENSP00000178640	0	0	0	0	0	0	0	0	182	0	0	0	67	204	ARF5	MAP2K5
9606.ENSP00000000233	9606.ENSP00000427567	0	0	0	0	0	0	62	0	171	0	0	0	59	204	ARF5	FHDC1
9606.ENSP00000000233	9606.ENSP00000418770	0	0	0	0	0	0	0	0	144	0	0	0	58	159	ARF5	PARK7
9606.ENSP00000000233	9606.ENSP00000422607	0	0	0	0	0	0	62	0	142	0	0	0	0	160	ARF5	ACSL1
9606.ENSP00000000233	9606.ENSP00000325827	0	0	0	0	0	0	0	0	0	0	0	0	188	188	ARF5	SEC16A
9606.ENSP00000000233	9606.ENSP00000293441	0	0	0	0	0	0	62	0	168	0	0	0	54	197	ARF5	SHANK1
9606.ENSP00000000233	9606.ENSP00000324302	0	0	0	0	0	0	0	0	145	0	0	0	51	153	ARF5	STXBP6
9606.ENSP00000000233	9606.ENSP00000435096	0	0	0	0	0	0	89	0	178	0	0	96	138	338	ARF5	RPS25
9606.ENSP00000000233	9606.ENSP00000347712	0	0	0	0	0	0	0	0	0	0	0	150	543	594	ARF5	C2CD4A
9606.ENSP00000000233	9606.ENSP00000329471	0	0	0	0	0	0	65	0	130	600	0	123	107	698	ARF5	KDELR1
9606.ENSP00000000233	9606.ENSP00000264028	0	0	0	0	0	0	110	0	243	600	0	0	256	772	ARF5	ARCN1
9606.ENSP00000000233	9606.ENSP00000361275	0	0	0	0	0	0	0	0	148	0	0	0	101	201	ARF5	PLK3
9606.ENSP00000000233	9606.ENSP00000343325	0	0	0	0	0	61	0	0	175	0	0	0	58	206	ARF5	PKN1
9606.ENSP00000000233	9606.ENSP00000261170	0	0	0	0	0	0	62	0	138	0	0	0	141	244	ARF5	GUCY2C
9606.ENSP00000000233	9606.ENSP00000356918	0	0	0	0	0	0	63	0	128	0	0	0	62	166	ARF5	STX7
9606.ENSP00000000233	9606.ENSP00000332454	0	42	0	0	0	0	62	0	175	0	0	0	48	199	ARF5	RIPK4
9606.ENSP00000000233	9606.ENSP00000291906	0	0	0	0	0	0	0	0	175	0	0	0	58	189	ARF5	PKN3
9606.ENSP00000000233	9606.ENSP00000408236	0	0	0	0	0	0	62	0	142	0	0	391	145	524	ARF5	CYTH2
9606.ENSP00000000233	9606.ENSP00000373574	0	0	0	0	0	0	0	0	140	0	0	64	0	160	ARF5	ACVRL1
9606.ENSP00000000233	9606.ENSP00000285402	0	0	0	0	0	0	0	0	180	0	0	0	0	179	ARF5	ODF1
9606.ENSP00000000233	9606.ENSP00000348753	0	0	0	0	0	0	0	0	153	0	0	0	47	158	ARF5	SPRED2
9606.ENSP00000000233	9606.ENSP00000361057	0	0	0	0	0	62	64	0	56	600	0	0	90	643	ARF5	SURF4
9606.ENSP00000000233	9606.ENSP00000393541	0	0	0	0	0	0	62	0	0	0	0	108	208	279	ARF5	IFT27
9606.ENSP00000000233	9606.ENSP00000349781	0	0	0	0	0	0	49	0	150	0	0	0	49	164	ARF5	TBC1D8B
9606.ENSP00000000233	9606.ENSP00000228251	0	0	0	0	0	0	0	0	128	0	0	0	67	151	ARF5	YBX3
9606.ENSP00000000233	9606.ENSP00000356982	0	0	0	0	0	0	0	0	179	0	0	0	0	179	ARF5	UFC1
9606.ENSP00000000233	9606.ENSP00000296474	0	0	0	0	0	0	0	0	243	0	0	0	48	248	ARF5	MST1R
9606.ENSP00000000233	9606.ENSP00000054666	0	0	0	0	0	0	0	0	111	0	0	321	67	387	ARF5	VAMP3
9606.ENSP00000000233	9606.ENSP00000282249	0	0	0	0	0	0	62	0	138	0	0	0	55	169	ARF5	GUCY1A2
9606.ENSP00000000233	9606.ENSP00000360076	0	0	0	0	0	0	49	0	102	0	0	0	101	165	ARF5	SGIP1
9606.ENSP00000000233	9606.ENSP00000327650	0	0	0	0	0	45	62	0	77	0	0	294	144	409	ARF5	VPS33B
9606.ENSP00000000233	9606.ENSP00000387282	0	0	0	0	0	0	0	0	147	0	0	150	75	270	ARF5	AGFG1
9606.ENSP00000000233	9606.ENSP00000386331	0	0	0	0	0	0	51	0	139	0	0	0	141	236	ARF5	MYO7A
9606.ENSP00000000233	9606.ENSP00000333568	0	0	0	0	0	0	0	0	0	0	0	113	107	174	ARF5	PRKD1
9606.ENSP00000000233	9606.ENSP00000200457	0	0	0	0	0	0	63	0	136	0	0	0	47	161	ARF5	TRIP6
9606.ENSP00000000233	9606.ENSP00000315136	0	0	0	0	0	0	0	0	65	0	0	142	66	185	ARF5	APBA3
9606.ENSP00000000233	9606.ENSP00000267512	0	0	0	0	0	0	62	0	212	0	0	0	85	264	ARF5	RAB15
9606.ENSP00000000233	9606.ENSP00000478589	0	0	0	0	0	0	51	0	177	0	0	0	58	200	ARF5	TTC25
9606.ENSP00000000233	9606.ENSP00000430344	0	0	0	0	0	0	0	0	144	0	0	107	0	202	ARF5	PLCD1
9606.ENSP00000000233	9606.ENSP00000480301	0	0	0	0	0	0	0	0	142	0	0	608	85	665	ARF5	IQSEC1
9606.ENSP00000000233	9606.ENSP00000258739	0	0	0	0	0	0	65	0	130	600	0	138	107	703	ARF5	KDELR2
9606.ENSP00000000233	9606.ENSP00000346015	0	0	0	0	0	0	65	0	180	0	0	0	228	356	ARF5	RPL27A
9606.ENSP00000000233	9606.ENSP00000430276	0	0	0	0	0	0	0	0	150	0	0	150	101	293	ARF5	MCF2
9606.ENSP00000000233	9606.ENSP00000261842	0	0	0	0	0	0	0	0	242	0	0	49	88	285	ARF5	AP4E1
9606.ENSP00000000233	9606.ENSP00000244040	0	0	0	0	0	68	0	0	73	0	0	0	110	163	ARF5	RAB22A
9606.ENSP00000000233	9606.ENSP00000295240	0	0	0	0	0	0	49	0	244	0	0	0	76	277	ARF5	BBS5
9606.ENSP00000000233	9606.ENSP00000263847	0	0	0	0	0	0	51	0	65	0	0	81	140	204	ARF5	OSBP
9606.ENSP00000000233	9606.ENSP00000369081	0	0	0	0	0	0	0	0	71	0	0	107	67	158	ARF5	TXNDC5
9606.ENSP00000000233	9606.ENSP00000286355	0	0	0	0	0	0	62	0	138	0	0	0	55	169	ARF5	ADCY8
9606.ENSP00000000233	9606.ENSP00000365692	0	0	0	0	0	0	65	0	127	0	0	0	50	156	ARF5	PIM2
9606.ENSP00000000233	9606.ENSP00000356737	0	0	0	0	0	0	52	270	0	0	0	882	74	914	ARF5	GORAB
9606.ENSP00000000233	9606.ENSP00000338562	0	0	0	0	0	0	81	0	78	0	0	0	137	204	ARF5	STX3
9606.ENSP00000000233	9606.ENSP00000447121	0	0	0	0	0	0	0	0	168	0	0	0	61	185	ARF5	CHURC1-FNTB
9606.ENSP00000000233	9606.ENSP00000332296	0	0	0	0	0	0	0	0	120	0	0	0	84	159	ARF5	RARB
9606.ENSP00000000233	9606.ENSP00000445175	0	0	0	0	0	0	0	272	65	0	0	77	43	318	ARF5	LDHA
9606.ENSP00000000233	9606.ENSP00000466477	0	0	0	0	0	0	65	0	127	0	0	0	50	156	ARF5	TSSK6
9606.ENSP00000000233	9606.ENSP00000377471	0	0	0	0	0	70	123	0	0	0	0	0	49	156	ARF5	CORO1B
9606.ENSP00000000233	9606.ENSP00000265825	0	0	0	0	0	0	0	0	0	0	0	207	295	417	ARF5	FSCN3
9606.ENSP00000000233	9606.ENSP00000232564	0	0	0	0	0	0	62	0	152	0	0	0	59	186	ARF5	GNB4
9606.ENSP00000000233	9606.ENSP00000394888	0	0	0	0	0	0	0	0	162	0	0	0	58	176	ARF5	DOCK8
9606.ENSP00000000233	9606.ENSP00000304908	0	0	0	0	0	0	62	0	103	0	0	0	78	156	ARF5	TXNDC2
9606.ENSP00000000233	9606.ENSP00000404179	0	0	0	0	0	0	62	0	196	0	0	0	55	225	ARF5	DOCK4
9606.ENSP00000000233	9606.ENSP00000383212	0	0	0	0	0	0	0	0	150	0	0	0	48	156	ARF5	SGSM1
9606.ENSP00000000233	9606.ENSP00000339787	0	0	0	0	0	0	0	0	142	0	0	0	77	174	ARF5	ACSL4
9606.ENSP00000000233	9606.ENSP00000362222	0	0	0	0	0	0	65	0	127	0	0	0	50	156	ARF5	STK40
9606.ENSP00000000233	9606.ENSP00000358921	0	0	0	0	0	45	62	0	104	0	0	0	101	181	ARF5	ACTR1A
9606.ENSP00000000233	9606.ENSP00000333018	0	0	0	0	0	0	51	0	177	0	0	0	58	200	ARF5	TTC32
9606.ENSP00000000233	9606.ENSP00000262850	0	0	0	0	0	0	0	0	57	0	0	0	141	155	ARF5	RRAGB
9606.ENSP00000000233	9606.ENSP00000385885	0	0	0	0	0	0	0	83	126	0	0	0	138	248	ARF5	DUSP28
9606.ENSP00000000233	9606.ENSP00000262215	0	0	0	0	0	0	0	0	284	0	0	0	254	443	ARF5	ARFGEF1
9606.ENSP00000000233	9606.ENSP00000382428	0	0	0	0	0	0	0	0	212	0	0	0	0	212	ARF5	DLG4
9606.ENSP00000000233	9606.ENSP00000361009	0	0	0	0	0	0	55	0	167	0	0	54	72	216	ARF5	PREX1
9606.ENSP00000000233	9606.ENSP00000294258	0	0	0	0	0	69	0	0	0	0	0	0	256	277	ARF5	ZFPL1
9606.ENSP00000000233	9606.ENSP00000469888	0	0	0	0	0	0	62	0	58	0	0	0	128	162	ARF5	TRAPPC2P1
9606.ENSP00000000233	9606.ENSP00000366036	0	0	0	0	0	0	49	0	150	0	0	0	49	164	ARF5	TBC1D8
9606.ENSP00000000233	9606.ENSP00000356379	0	0	0	0	0	0	64	0	139	0	0	0	43	161	ARF5	ASPM
9606.ENSP00000000233	9606.ENSP00000342699	0	0	0	0	0	0	62	0	138	0	0	0	49	163	ARF5	CFAP36
9606.ENSP00000000233	9606.ENSP00000370710	0	0	0	0	0	0	0	0	59	0	0	0	137	153	ARF5	KDM4C
9606.ENSP00000000233	9606.ENSP00000239940	0	0	0	0	0	0	57	0	126	0	0	0	77	172	ARF5	PFN2
9606.ENSP00000000233	9606.ENSP00000282728	0	0	0	0	0	0	0	0	0	0	0	108	190	246	ARF5	HHEX
9606.ENSP00000000233	9606.ENSP00000402346	0	0	0	0	0	76	62	0	315	600	0	0	215	779	ARF5	COPG2
9606.ENSP00000000233	9606.ENSP00000254854	0	0	0	0	0	0	62	0	138	0	0	0	82	192	ARF5	GUCY2D
9606.ENSP00000000233	9606.ENSP00000000412	0	0	0	0	0	82	62	0	0	0	0	100	0	157	ARF5	M6PR
9606.ENSP00000000233	9606.ENSP00000276066	0	0	0	0	0	0	62	0	152	0	0	0	142	257	ARF5	RAB41
9606.ENSP00000000233	9606.ENSP00000348602	0	0	0	0	0	0	62	0	70	0	0	125	82	205	ARF5	AMPH
9606.ENSP00000000233	9606.ENSP00000362824	0	0	0	0	0	0	64	0	177	0	0	0	58	210	ARF5	OGT
9606.ENSP00000000233	9606.ENSP00000363763	0	0	0	0	0	0	62	0	140	0	0	0	0	158	ARF5	EPHB2
9606.ENSP00000000233	9606.ENSP00000337040	0	0	0	0	0	60	0	0	150	0	0	0	66	188	ARF5	UNC119
9606.ENSP00000000233	9606.ENSP00000225655	0	0	0	0	0	92	82	0	126	0	0	0	63	226	ARF5	PFN1
9606.ENSP00000000233	9606.ENSP00000276211	0	0	0	0	0	0	0	0	144	0	0	0	62	162	ARF5	ARHGAP36
9606.ENSP00000000233	9606.ENSP00000357178	0	0	0	0	0	0	0	0	140	0	0	106	107	253	ARF5	INSRR
9606.ENSP00000000233	9606.ENSP00000288943	0	0	0	0	0	0	62	0	126	0	0	0	48	151	ARF5	DUSP2
9606.ENSP00000000233	9606.ENSP00000324806	0	0	0	0	0	0	62	0	140	0	0	0	58	173	ARF5	GSK3B
9606.ENSP00000000233	9606.ENSP00000251413	0	0	0	0	0	0	0	0	149	0	0	0	48	155	ARF5	TUBG1
9606.ENSP00000000233	9606.ENSP00000482590	0	0	0	0	0	0	49	0	150	0	0	0	48	163	ARF5	TBC1D3F
9606.ENSP00000000233	9606.ENSP00000462799	0	0	0	0	0	0	49	0	150	0	0	0	48	163	ARF5	TBC1D29
9606.ENSP00000000233	9606.ENSP00000272317	0	0	0	0	0	0	94	0	179	0	0	0	59	238	ARF5	RPS27A
9606.ENSP00000000233	9606.ENSP00000418915	0	0	0	0	0	0	62	0	76	0	0	519	0	546	ARF5	CDKN2A
9606.ENSP00000000233	9606.ENSP00000364631	0	0	0	0	0	0	0	0	153	0	0	0	52	162	ARF5	FGD3
9606.ENSP00000000233	9606.ENSP00000392147	0	0	0	236	0	0	63	0	105	0	0	0	44	305	ARF5	PPP6C
9606.ENSP00000000233	9606.ENSP00000333326	0	0	0	0	0	0	63	0	149	0	0	0	75	198	ARF5	TUBA8
9606.ENSP00000000233	9606.ENSP00000479518	0	0	0	0	0	0	64	0	139	0	0	0	43	161	ARF5	MYO19
9606.ENSP00000000233	9606.ENSP00000302393	0	0	0	0	0	0	0	272	62	0	0	0	0	287	ARF5	LDHAL6B
9606.ENSP00000000233	9606.ENSP00000366563	0	0	0	0	0	0	0	0	151	0	0	0	52	160	ARF5	PIK3CD
9606.ENSP00000000233	9606.ENSP00000368824	0	0	0	0	0	0	0	0	122	0	0	0	101	176	ARF5	CNKSR2
9606.ENSP00000000233	9606.ENSP00000286364	0	0	0	0	0	0	60	0	76	0	0	0	101	150	ARF5	RASA2
9606.ENSP00000000233	9606.ENSP00000466953	0	0	0	0	0	0	63	0	136	0	0	0	47	161	ARF5	WTIP
9606.ENSP00000000233	9606.ENSP00000378368	0	0	0	0	0	65	0	0	0	0	0	0	187	207	ARF5	FLOT2
9606.ENSP00000000233	9606.ENSP00000479844	0	0	0	0	0	0	0	0	161	0	0	0	58	175	ARF5	RASGRP4
9606.ENSP00000000233	9606.ENSP00000259818	0	0	0	0	0	0	64	0	149	0	0	0	101	221	ARF5	TUBB2B
9606.ENSP00000000233	9606.ENSP00000356438	0	0	0	0	0	0	0	0	77	0	0	56	148	192	ARF5	PTGS2
9606.ENSP00000000233	9606.ENSP00000478426	0	0	0	0	0	0	49	0	150	0	0	0	48	163	ARF5	TBC1D3D
9606.ENSP00000000233	9606.ENSP00000334134	0	0	0	0	0	0	0	0	0	0	0	0	187	187	ARF5	RGS9BP
9606.ENSP00000000233	9606.ENSP00000388806	0	0	0	0	0	0	133	0	101	0	0	0	0	187	ARF5	EIF4B
9606.ENSP00000000233	9606.ENSP00000318697	0	0	0	0	0	0	64	0	149	0	0	0	79	202	ARF5	TUBB6
9606.ENSP00000000233	9606.ENSP00000263088	0	0	0	0	0	0	0	0	226	0	0	241	220	501	ARF5	PLD2
9606.ENSP00000000233	9606.ENSP00000337691	0	0	0	0	0	0	0	0	163	0	0	0	59	178	ARF5	MAPK15
9606.ENSP00000000233	9606.ENSP00000464411	0	0	0	0	0	0	62	0	60	0	0	0	131	166	ARF5	C18orf32
9606.ENSP00000000233	9606.ENSP00000460823	0	0	0	0	0	0	0	0	102	0	0	51	88	154	ARF5	TOM1L1
9606.ENSP00000000233	9606.ENSP00000470087	0	0	0	0	0	0	62	0	140	0	0	0	58	173	ARF5	ENSG00000268643
9606.ENSP00000000233	9606.ENSP00000448696	0	0	0	0	0	0	62	248	0	0	0	0	41	264	ARF5	DTX3
9606.ENSP00000000233	9606.ENSP00000438085	0	0	0	0	0	0	0	0	236	0	0	455	236	654	ARF5	GGA3
9606.ENSP00000000233	9606.ENSP00000233027	0	0	0	0	0	0	62	0	0	0	0	0	143	161	ARF5	NEK4
9606.ENSP00000000233	9606.ENSP00000405963	0	0	0	0	0	0	62	0	161	0	0	0	58	193	ARF5	RASGRF1
9606.ENSP00000000233	9606.ENSP00000305442	0	0	0	0	0	57	0	0	104	0	0	128	137	279	ARF5	COG7
9606.ENSP00000000233	9606.ENSP00000360183	0	0	0	0	0	63	62	0	179	0	0	0	100	263	ARF5	STX16
9606.ENSP00000000233	9606.ENSP00000371331	0	0	0	0	0	0	0	0	58	0	0	0	137	152	ARF5	TNNI2
9606.ENSP00000000233	9606.ENSP00000290866	0	0	0	0	0	0	0	0	161	0	0	0	0	161	ARF5	ACE
9606.ENSP00000000233	9606.ENSP00000333685	0	0	0	0	0	0	0	0	163	0	0	0	59	178	ARF5	MAPK11
9606.ENSP00000000233	9606.ENSP00000239223	0	0	0	0	0	0	62	0	126	0	0	0	48	151	ARF5	DUSP1
9606.ENSP00000000233	9606.ENSP00000264065	0	0	0	0	0	0	0	0	140	0	0	0	85	179	ARF5	DNAJC10
9606.ENSP00000000233	9606.ENSP00000320117	0	0	0	0	0	0	0	0	123	0	0	93	138	254	ARF5	TRIP10
9606.ENSP00000000233	9606.ENSP00000261716	0	0	0	0	0	0	0	0	76	0	0	92	101	179	ARF5	TAOK1
9606.ENSP00000000233	9606.ENSP00000347464	0	0	0	0	0	0	0	0	147	0	0	323	424	638	ARF5	GIT2
9606.ENSP00000000233	9606.ENSP00000364277	0	0	0	0	0	0	0	0	153	0	0	0	52	162	ARF5	FGD1
9606.ENSP00000000233	9606.ENSP00000336666	0	0	0	0	0	109	62	0	178	0	0	438	48	565	ARF5	AP1S1
9606.ENSP00000000233	9606.ENSP00000331901	0	0	0	0	0	62	64	0	344	0	0	0	74	395	ARF5	EEF1G
9606.ENSP00000000233	9606.ENSP00000340820	0	0	0	0	0	0	0	0	159	0	0	49	0	166	ARF5	MAPT
9606.ENSP00000000233	9606.ENSP00000466298	0	0	0	0	0	141	0	0	58	0	0	0	101	209	ARF5	STX10
9606.ENSP00000000233	9606.ENSP00000277010	0	0	0	0	0	0	54	0	63	0	0	0	292	317	ARF5	SIGMAR1
9606.ENSP00000000233	9606.ENSP00000397908	0	0	0	0	0	0	62	0	119	0	0	0	63	158	ARF5	LPIN1
9606.ENSP00000000233	9606.ENSP00000369318	0	0	0	0	0	0	0	130	56	0	0	0	62	162	ARF5	RHOBTB3
9606.ENSP00000000233	9606.ENSP00000310129	0	0	0	0	0	0	62	0	94	0	0	95	58	178	ARF5	PSMD2
9606.ENSP00000000233	9606.ENSP00000469413	0	0	0	0	0	0	0	0	180	0	0	0	61	197	ARF5	PAK4
9606.ENSP00000000233	9606.ENSP00000356567	0	0	0	0	0	0	63	0	105	0	0	0	98	177	ARF5	LHX4-AS1
9606.ENSP00000000233	9606.ENSP00000251412	0	0	0	0	0	0	0	0	149	0	0	0	48	155	ARF5	TUBG2
9606.ENSP00000000233	9606.ENSP00000392495	0	0	0	0	0	0	62	0	58	0	0	0	128	162	ARF5	TRAPPC2
9606.ENSP00000000233	9606.ENSP00000379457	0	0	0	0	0	0	62	0	138	0	0	0	0	156	ARF5	FAF1
9606.ENSP00000000233	9606.ENSP00000352834	0	0	0	0	0	0	122	0	139	0	0	0	43	213	ARF5	MYO1C
9606.ENSP00000000233	9606.ENSP00000270625	0	0	0	0	0	0	62	0	178	0	0	0	0	195	ARF5	RPS11
9606.ENSP00000000233	9606.ENSP00000471635	0	0	0	0	0	0	0	0	153	0	0	0	58	168	ARF5	ENSG00000268861
9606.ENSP00000000233	9606.ENSP00000323879	0	0	0	0	0	0	0	0	0	0	0	162	0	161	ARF5	ZNRF2
9606.ENSP00000000233	9606.ENSP00000354483	0	0	0	0	0	0	62	0	126	0	0	0	48	151	ARF5	DUSP27
9606.ENSP00000000233	9606.ENSP00000407552	0	0	0	0	0	0	0	0	151	0	0	0	55	163	ARF5	GAS7
9606.ENSP00000000233	9606.ENSP00000376475	0	0	0	0	0	0	93	0	131	0	0	0	58	192	ARF5	PRKAR1A
9606.ENSP00000000233	9606.ENSP00000254846	0	0	0	0	0	0	51	0	177	0	0	0	95	231	ARF5	KDM6B
9606.ENSP00000000233	9606.ENSP00000229264	0	0	0	0	0	0	62	0	152	0	0	0	59	186	ARF5	GNB3
9606.ENSP00000000233	9606.ENSP00000339179	0	0	0	0	0	0	65	0	127	0	0	0	50	156	ARF5	TSSK4
9606.ENSP00000000233	9606.ENSP00000451291	0	0	0	0	0	0	0	0	101	0	0	0	189	239	ARF5	HNRNPC
9606.ENSP00000000233	9606.ENSP00000359552	0	0	0	0	0	0	0	0	175	0	0	0	58	189	ARF5	PKN2
9606.ENSP00000000233	9606.ENSP00000485615	0	0	0	0	0	0	0	0	133	0	0	0	101	187	ARF5	ENSG00000280433
9606.ENSP00000000233	9606.ENSP00000365962	0	0	0	0	0	0	63	0	150	0	0	0	53	179	ARF5	TBC1D25
9606.ENSP00000000233	9606.ENSP00000440167	0	0	0	0	0	0	62	0	160	0	0	0	112	239	ARF5	RAB19
9606.ENSP00000000233	9606.ENSP00000222008	0	0	0	0	0	123	63	0	122	0	0	123	544	658	ARF5	RABAC1
9606.ENSP00000000233	9606.ENSP00000282032	0	0	0	0	0	0	78	0	0	0	0	90	189	260	ARF5	ARL14EP
9606.ENSP00000000233	9606.ENSP00000338777	0	0	0	0	0	0	56	0	150	0	0	181	189	395	ARF5	AP3S2
9606.ENSP00000000233	9606.ENSP00000356560	0	0	0	0	0	0	0	0	167	0	0	0	49	173	ARF5	KIAA1614
9606.ENSP00000000233	9606.ENSP00000367407	0	0	0	0	0	0	62	0	105	0	0	53	248	322	ARF5	NMT2
9606.ENSP00000000233	9606.ENSP00000382423	0	0	0	0	0	0	0	0	164	0	0	0	58	178	ARF5	MAP3K1
9606.ENSP00000000233	9606.ENSP00000315554	0	0	0	0	0	0	0	0	0	0	0	219	0	219	ARF5	SPEM1
9606.ENSP00000000233	9606.ENSP00000273398	0	0	0	0	0	0	63	0	136	0	0	0	100	207	ARF5	ATP6V1A
9606.ENSP00000000233	9606.ENSP00000269571	0	0	0	0	0	0	0	117	115	0	0	0	56	197	ARF5	ERBB2
9606.ENSP00000000233	9606.ENSP00000376792	0	0	0	0	0	0	0	0	57	0	0	0	142	156	ARF5	VTI1A
9606.ENSP00000000233	9606.ENSP00000437621	0	0	0	0	0	0	0	0	159	0	0	0	0	158	ARF5	HMGA2
9606.ENSP00000000233	9606.ENSP00000439479	0	0	0	0	0	0	62	0	143	0	0	0	0	161	ARF5	DMXL1
9606.ENSP00000000233	9606.ENSP00000298510	0	0	0	0	0	0	63	0	149	0	0	0	122	238	ARF5	PRDX3
9606.ENSP00000000233	9606.ENSP00000274496	0	0	0	0	0	0	66	0	117	0	0	0	53	150	ARF5	YIPF5
9606.ENSP00000000233	9606.ENSP00000479203	0	0	0	0	0	0	0	0	101	0	0	0	144	197	ARF5	HNRNPCP5
9606.ENSP00000000233	9606.ENSP00000346206	0	0	0	0	0	0	0	0	56	0	0	124	302	372	ARF5	TAP1
9606.ENSP00000000233	9606.ENSP00000484121	0	0	0	0	0	0	0	486	102	0	0	537	101	782	ARF5	ARFIP2
9606.ENSP00000000233	9606.ENSP00000261263	0	0	0	0	0	61	64	0	0	0	0	112	120	221	ARF5	RAB21
9606.ENSP00000000233	9606.ENSP00000222145	0	0	0	0	0	0	64	0	139	0	0	0	43	161	ARF5	RASIP1
9606.ENSP00000000233	9606.ENSP00000357631	0	0	0	0	0	0	62	0	0	0	0	286	127	364	ARF5	TCERG1L
9606.ENSP00000000233	9606.ENSP00000222330	0	0	0	0	0	0	62	0	140	0	0	0	58	173	ARF5	GSK3A
9606.ENSP00000000233	9606.ENSP00000444957	0	0	0	0	0	0	62	0	178	0	0	0	76	225	ARF5	AP1S2
9606.ENSP00000000233	9606.ENSP00000393392	0	0	0	0	0	0	122	0	139	0	0	0	43	213	ARF5	MYO1A
9606.ENSP00000000233	9606.ENSP00000361949	0	0	0	0	0	0	0	0	77	0	0	0	135	167	ARF5	PABPC4
9606.ENSP00000000233	9606.ENSP00000280772	0	0	0	0	0	0	62	0	76	600	0	0	71	634	ARF5	ANK3
9606.ENSP00000000233	9606.ENSP00000285735	0	0	0	0	0	0	108	0	56	0	0	57	137	223	ARF5	RHOC
9606.ENSP00000000233	9606.ENSP00000264380	0	0	0	0	0	0	52	0	114	0	0	0	81	160	ARF5	PIKFYVE
9606.ENSP00000000233	9606.ENSP00000305941	0	0	0	0	0	0	86	0	104	0	0	0	58	161	ARF5	USH2A
9606.ENSP00000000233	9606.ENSP00000313600	0	0	0	0	0	0	0	0	152	0	0	0	55	164	ARF5	ATP10B
9606.ENSP00000000233	9606.ENSP00000369538	0	0	0	0	0	0	49	0	180	0	0	0	63	205	ARF5	GDI2
9606.ENSP00000000233	9606.ENSP00000389326	0	0	0	0	0	0	0	0	161	0	0	0	0	161	ARF5	ACE2
9606.ENSP00000000233	9606.ENSP00000315568	0	0	0	0	0	0	0	0	156	0	0	0	0	155	ARF5	AVL9
9606.ENSP00000000233	9606.ENSP00000348828	0	0	0	0	0	0	0	0	153	0	0	46	62	175	ARF5	ARHGEF26
9606.ENSP00000000233	9606.ENSP00000217043	0	0	0	0	0	0	0	0	0	0	0	193	303	413	ARF5	R3HDML
9606.ENSP00000000233	9606.ENSP00000451752	0	0	0	0	0	0	62	0	76	600	0	0	0	623	ARF5	SPTB
9606.ENSP00000000233	9606.ENSP00000274353	0	0	0	0	0	0	0	0	0	0	0	91	107	153	ARF5	BHMT
9606.ENSP00000000233	9606.ENSP00000451828	0	0	0	0	0	77	0	0	140	0	0	139	47	261	ARF5	AKT1
9606.ENSP00000000233	9606.ENSP00000248901	0	0	0	0	0	0	0	0	142	0	0	523	55	579	ARF5	CYTH4
9606.ENSP00000000233	9606.ENSP00000262225	0	0	0	0	0	45	122	0	0	600	0	120	60	671	ARF5	TMED2
9606.ENSP00000000233	9606.ENSP00000264718	0	0	0	0	0	0	0	0	174	0	0	0	77	205	ARF5	GPN1
9606.ENSP00000000233	9606.ENSP00000357087	0	0	0	0	0	61	0	0	126	0	0	0	48	150	ARF5	DUSP23
9606.ENSP00000000233	9606.ENSP00000251170	0	0	0	0	0	0	80	0	124	0	0	0	112	221	ARF5	SEC14L5
9606.ENSP00000000233	9606.ENSP00000347792	0	0	0	0	0	0	62	0	88	0	0	95	111	219	ARF5	SYNJ2
9606.ENSP00000000233	9606.ENSP00000379842	0	0	0	0	0	0	0	0	165	0	0	0	55	177	ARF5	SGK3
9606.ENSP00000000233	9606.ENSP00000382982	0	0	0	0	0	0	63	0	149	0	0	134	75	275	ARF5	TUBA3C
9606.ENSP00000000233	9606.ENSP00000292823	0	0	0	0	0	0	62	0	0	0	0	0	143	161	ARF5	PCYT1A
9606.ENSP00000000233	9606.ENSP00000438492	0	0	0	0	0	65	62	0	212	0	0	0	85	283	ARF5	RAB40C
9606.ENSP00000000233	9606.ENSP00000392513	0	0	0	0	0	0	53	0	147	0	0	0	85	196	ARF5	AGAP4
9606.ENSP00000000233	9606.ENSP00000334051	0	0	0	0	0	0	0	0	167	0	0	0	53	177	ARF5	GNAL
9606.ENSP00000000233	9606.ENSP00000444850	0	0	0	0	0	0	63	0	70	600	0	112	209	710	ARF5	USO1
9606.ENSP00000000233	9606.ENSP00000323580	0	0	0	0	0	0	63	0	108	0	0	87	141	256	ARF5	IFT88
9606.ENSP00000000233	9606.ENSP00000328551	0	0	0	0	0	0	62	0	932	0	0	45	85	936	ARF5	RAB28
9606.ENSP00000000233	9606.ENSP00000219476	0	0	0	0	0	0	0	0	173	0	0	0	71	198	ARF5	TSC2
9606.ENSP00000000233	9606.ENSP00000313869	0	0	0	0	0	0	0	0	169	0	0	150	261	432	ARF5	GORASP1
9606.ENSP00000000233	9606.ENSP00000352925	0	0	0	0	0	0	0	0	151	0	0	0	55	163	ARF5	TRRAP
9606.ENSP00000000233	9606.ENSP00000262903	0	0	0	0	0	0	62	0	139	0	0	0	0	157	ARF5	HACE1
9606.ENSP00000000233	9606.ENSP00000295095	0	0	0	0	0	0	62	0	140	0	0	0	55	171	ARF5	ARHGAP15
9606.ENSP00000000233	9606.ENSP00000369461	0	0	0	0	0	0	63	0	147	0	0	0	60	183	ARF5	ECI2
9606.ENSP00000000233	9606.ENSP00000358126	0	0	0	0	0	117	0	0	77	0	0	112	80	245	ARF5	VPS45
9606.ENSP00000000233	9606.ENSP00000364298	0	0	0	0	0	0	51	0	177	0	0	0	58	200	ARF5	FKBPL
9606.ENSP00000000233	9606.ENSP00000400908	0	0	0	0	0	0	0	0	0	0	0	43	246	247	ARF5	MYBPC1
9606.ENSP00000000233	9606.ENSP00000360869	0	0	0	0	0	0	51	0	177	0	0	0	58	200	ARF5	IFIT1
9606.ENSP00000000233	9606.ENSP00000363103	0	0	0	0	0	135	0	0	65	0	0	0	0	156	ARF5	SCAND1
9606.ENSP00000000233	9606.ENSP00000372210	0	0	0	0	0	0	0	0	162	0	0	0	101	214	ARF5	BET1L
9606.ENSP00000000233	9606.ENSP00000458075	0	0	0	0	0	0	0	0	151	0	0	0	52	160	ARF5	BOLA2-SMG1P6
9606.ENSP00000000233	9606.ENSP00000267622	0	0	0	0	0	0	0	0	150	0	0	181	207	399	ARF5	TRIP11
9606.ENSP00000000233	9606.ENSP00000368464	0	0	0	0	0	0	62	0	86	0	0	0	303	350	ARF5	KIF24
9606.ENSP00000000233	9606.ENSP00000386443	0	0	0	0	0	0	62	128	0	0	0	241	67	343	ARF5	TGOLN2
9606.ENSP00000000233	9606.ENSP00000429744	0	0	0	0	0	0	112	0	89	0	0	0	43	158	ARF5	STK3
9606.ENSP00000000233	9606.ENSP00000361785	0	0	0	0	0	0	62	0	126	0	0	0	48	151	ARF5	DUSP13
9606.ENSP00000000233	9606.ENSP00000379891	0	0	0	0	0	0	62	0	262	0	0	171	145	443	ARF5	AP1S3
9606.ENSP00000000233	9606.ENSP00000373600	0	0	0	0	0	0	0	0	216	0	0	0	49	222	ARF5	LRRK1
9606.ENSP00000000233	9606.ENSP00000373312	0	0	0	0	0	0	62	0	56	0	0	150	254	363	ARF5	SEC13
9606.ENSP00000000233	9606.ENSP00000374443	0	0	0	0	0	0	0	0	102	0	0	0	101	158	ARF5	LYST
9606.ENSP00000000233	9606.ENSP00000259400	0	0	0	0	0	45	63	0	128	0	0	0	62	170	ARF5	STX17
9606.ENSP00000000233	9606.ENSP00000379386	0	0	0	0	0	0	0	272	65	0	0	57	43	303	ARF5	LDHB
9606.ENSP00000000233	9606.ENSP00000369899	0	0	0	0	0	0	0	0	57	0	0	0	141	155	ARF5	RRAGA
9606.ENSP00000000233	9606.ENSP00000370208	0	0	0	0	0	0	62	0	111	0	0	0	142	222	ARF5	RABGEF1
9606.ENSP00000000233	9606.ENSP00000456206	0	0	0	0	0	0	64	0	149	0	0	0	101	221	ARF5	TUBB8
9606.ENSP00000000233	9606.ENSP00000315659	0	0	0	0	0	0	0	0	167	0	0	0	59	182	ARF5	DNMBP
9606.ENSP00000000233	9606.ENSP00000354451	0	0	0	0	0	0	0	0	185	0	0	0	109	242	ARF5	IQGAP3
9606.ENSP00000000233	9606.ENSP00000301012	0	0	0	0	0	0	0	0	160	0	0	0	48	166	ARF5	MVD
9606.ENSP00000000233	9606.ENSP00000441858	0	0	0	0	0	0	62	0	143	0	0	0	0	161	ARF5	DMXL2
9606.ENSP00000000233	9606.ENSP00000243052	0	0	0	0	0	0	54	0	0	0	0	107	101	174	ARF5	PDE1B
9606.ENSP00000000233	9606.ENSP00000355809	0	0	0	0	0	0	0	0	153	0	0	0	47	158	ARF5	ENAH
9606.ENSP00000000233	9606.ENSP00000035383	0	0	0	0	0	0	0	0	125	0	0	81	0	161	ARF5	LRRC7
9606.ENSP00000000233	9606.ENSP00000238831	0	0	0	0	0	0	76	0	117	0	0	0	53	159	ARF5	YIPF4
9606.ENSP00000000233	9606.ENSP00000309036	0	0	0	0	0	59	0	0	0	0	0	68	129	169	ARF5	TSPAN17
9606.ENSP00000000233	9606.ENSP00000309431	0	0	0	0	0	0	64	0	149	0	0	0	101	221	ARF5	TUBB8B
9606.ENSP00000000233	9606.ENSP00000347839	0	0	0	0	0	0	62	0	150	0	0	499	42	566	ARF5	RAB11FIP2
9606.ENSP00000000233	9606.ENSP00000361824	0	0	0	0	0	0	0	0	58	600	0	0	53	612	ARF5	SPTAN1
9606.ENSP00000000233	9606.ENSP00000317955	0	0	0	0	0	0	0	0	77	0	0	212	100	288	ARF5	EEA1
9606.ENSP00000000233	9606.ENSP00000361930	0	0	0	0	0	60	65	0	136	0	0	62	62	210	ARF5	YWHAB
9606.ENSP00000000233	9606.ENSP00000159111	0	0	0	0	0	0	0	0	59	0	0	0	137	153	ARF5	KDM4B
9606.ENSP00000000233	9606.ENSP00000299084	0	0	0	0	0	0	0	0	153	0	0	0	47	158	ARF5	SPRED1
9606.ENSP00000000233	9606.ENSP00000346160	0	0	0	0	0	0	62	83	126	0	0	0	48	188	ARF5	DUSP19
9606.ENSP00000000233	9606.ENSP00000367203	0	0	0	0	0	0	51	0	177	0	0	0	95	231	ARF5	KDM6A
9606.ENSP00000000233	9606.ENSP00000363023	0	0	0	0	0	0	0	0	182	0	0	0	0	181	ARF5	DLGAP4
9606.ENSP00000000233	9606.ENSP00000263360	0	0	0	0	0	0	0	0	159	0	0	0	0	158	ARF5	EED
9606.ENSP00000000233	9606.ENSP00000362680	0	0	0	0	0	0	68	0	140	0	0	140	61	266	ARF5	SRC
9606.ENSP00000000233	9606.ENSP00000354376	0	0	0	0	0	0	62	0	0	0	0	436	62	460	ARF5	RAB25
9606.ENSP00000000233	9606.ENSP00000264400	0	0	0	0	0	0	0	0	161	0	0	0	58	175	ARF5	RASGEF1B
9606.ENSP00000000233	9606.ENSP00000377633	0	0	0	0	0	0	62	0	145	0	0	0	0	163	ARF5	STAMBP
9606.ENSP00000000233	9606.ENSP00000397552	0	0	0	0	0	0	53	0	104	0	0	0	80	151	ARF5	ACTL6A
9606.ENSP00000000233	9606.ENSP00000301072	0	0	0	0	0	0	63	0	149	0	0	0	75	198	ARF5	TUBA1C
9606.ENSP00000000233	9606.ENSP00000256935	0	0	0	0	0	0	0	0	162	0	0	0	55	174	ARF5	DOCK2
9606.ENSP00000000233	9606.ENSP00000332118	0	0	0	0	0	0	62	0	140	0	0	0	0	158	ARF5	EPHB3
9606.ENSP00000000233	9606.ENSP00000377075	0	0	0	0	0	0	0	0	144	0	0	61	47	167	ARF5	RGL3
9606.ENSP00000000233	9606.ENSP00000393453	0	0	0	0	0	0	0	0	103	0	0	0	122	178	ARF5	SMYD1
9606.ENSP00000000233	9606.ENSP00000317790	0	0	0	0	0	0	62	0	76	600	0	0	54	628	ARF5	SPTBN5
9606.ENSP00000000233	9606.ENSP00000292432	0	0	0	0	0	0	0	0	162	0	0	0	47	167	ARF5	HK3
9606.ENSP00000000233	9606.ENSP00000288699	0	0	0	0	0	0	0	0	104	0	0	95	184	280	ARF5	DPYSL5
9606.ENSP00000000233	9606.ENSP00000343741	0	0	0	0	0	0	0	0	151	0	0	0	52	160	ARF5	ATR
9606.ENSP00000000233	9606.ENSP00000377233	0	0	0	0	0	0	0	0	147	0	0	457	145	569	ARF5	ARAP1
9606.ENSP00000000233	9606.ENSP00000481054	0	0	0	0	0	0	62	0	212	0	0	0	85	264	ARF5	RAB44
9606.ENSP00000000233	9606.ENSP00000226253	0	0	0	0	0	0	62	0	157	0	0	0	0	175	ARF5	ALDOC
9606.ENSP00000000233	9606.ENSP00000380635	0	0	0	0	734	0	63	0	128	0	0	113	110	180	ARF5	ARL16
9606.ENSP00000000233	9606.ENSP00000225577	0	0	0	0	0	0	0	0	150	0	0	0	55	162	ARF5	RPS6KB1
9606.ENSP00000000233	9606.ENSP00000362116	0	0	0	0	0	0	63	0	147	0	0	52	58	190	ARF5	PGC
9606.ENSP00000000233	9606.ENSP00000358994	0	0	0	0	0	0	51	0	139	0	0	0	67	171	ARF5	MYO6
9606.ENSP00000000233	9606.ENSP00000431418	0	0	0	0	0	0	0	0	140	0	0	0	75	170	ARF5	NTRK1
9606.ENSP00000000233	9606.ENSP00000368818	0	0	0	0	0	0	0	0	102	0	0	0	101	158	ARF5	TOM1L2
9606.ENSP00000000233	9606.ENSP00000356832	0	0	0	0	0	0	0	0	150	0	0	0	55	162	ARF5	SGK1
9606.ENSP00000000233	9606.ENSP00000163416	0	0	0	0	0	0	0	0	0	0	0	171	208	315	ARF5	GOLGA5
9606.ENSP00000000233	9606.ENSP00000381097	0	0	0	0	0	0	62	0	140	0	0	0	0	158	ARF5	EPHB1
9606.ENSP00000000233	9606.ENSP00000356607	0	0	0	0	0	0	0	0	161	0	0	0	58	175	ARF5	RALGPS2
9606.ENSP00000000233	9606.ENSP00000261942	0	0	0	0	0	0	62	295	138	0	0	0	0	380	ARF5	FAF2
9606.ENSP00000000233	9606.ENSP00000274376	0	0	0	0	0	0	0	0	138	0	0	73	59	182	ARF5	RASA1
9606.ENSP00000000233	9606.ENSP00000473001	0	0	0	0	0	0	49	0	102	0	0	0	101	165	ARF5	FCHO1
9606.ENSP00000000233	9606.ENSP00000303909	0	0	0	0	0	0	0	0	150	0	0	0	60	166	ARF5	ABR
9606.ENSP00000000233	9606.ENSP00000314649	0	0	0	0	0	0	0	272	57	0	0	0	0	284	ARF5	ALDH5A1
9606.ENSP00000000233	9606.ENSP00000247461	0	0	0	0	0	58	52	0	0	0	0	107	189	266	ARF5	CANX
9606.ENSP00000000233	9606.ENSP00000309457	0	0	0	0	0	0	0	0	131	0	0	0	72	159	ARF5	VPS41
9606.ENSP00000000233	9606.ENSP00000341083	0	0	0	0	0	0	62	0	138	0	0	0	101	209	ARF5	NPR2
9606.ENSP00000000233	9606.ENSP00000482835	0	0	0	0	0	0	0	0	251	0	0	0	76	278	ARF5	AP2B1
9606.ENSP00000000233	9606.ENSP00000268933	0	0	0	0	0	0	62	0	142	0	0	0	138	245	ARF5	EPN3
9606.ENSP00000000233	9606.ENSP00000218006	0	0	0	0	0	0	62	0	138	0	0	0	82	192	ARF5	GUCY2F
9606.ENSP00000000233	9606.ENSP00000345988	0	0	0	0	0	0	0	0	144	0	0	0	49	151	ARF5	PLCH1
9606.ENSP00000000233	9606.ENSP00000447300	0	0	0	0	0	0	0	0	153	0	0	141	58	254	ARF5	RAB3IP
9606.ENSP00000000233	9606.ENSP00000481045	0	0	0	0	0	60	0	0	140	0	0	0	0	157	ARF5	TESK1
9606.ENSP00000000233	9606.ENSP00000399403	0	0	0	0	0	0	0	0	108	0	0	134	42	195	ARF5	KLC2
9606.ENSP00000000233	9606.ENSP00000290765	0	0	0	0	0	0	62	0	153	0	0	0	54	182	ARF5	GSTT2B
9606.ENSP00000000233	9606.ENSP00000279488	0	0	0	0	0	0	0	83	126	0	0	0	48	170	ARF5	DUSP6
9606.ENSP00000000233	9606.ENSP00000344220	0	0	0	0	0	0	0	0	0	0	0	49	238	244	ARF5	PDPK1
9606.ENSP00000000233	9606.ENSP00000338967	0	0	0	0	0	0	0	0	144	0	0	0	62	162	ARF5	ARHGAP6
9606.ENSP00000000233	9606.ENSP00000370719	0	0	0	0	0	0	0	0	153	0	0	0	63	172	ARF5	ITSN1
9606.ENSP00000000233	9606.ENSP00000466799	0	0	0	0	0	0	0	0	78	0	0	0	207	237	ARF5	HSD17B1
9606.ENSP00000000233	9606.ENSP00000312081	0	0	0	0	0	62	62	0	126	0	0	0	48	169	ARF5	SSH3
9606.ENSP00000000233	9606.ENSP00000356530	0	42	0	0	0	0	62	0	175	0	0	0	48	199	ARF5	RNASEL
9606.ENSP00000000233	9606.ENSP00000456782	0	0	0	0	0	0	52	0	78	0	0	0	132	175	ARF5	ZDHHC7
9606.ENSP00000000233	9606.ENSP00000311857	0	0	0	0	0	0	0	0	101	0	0	0	100	156	ARF5	PTPN2
9606.ENSP00000000233	9606.ENSP00000276440	0	0	0	0	0	0	0	0	162	0	0	0	55	174	ARF5	DOCK5
9606.ENSP00000000233	9606.ENSP00000316809	0	0	0	0	0	0	0	0	169	0	0	0	43	170	ARF5	PITPNA
9606.ENSP00000000233	9606.ENSP00000369038	0	0	0	0	0	0	62	0	153	0	0	0	54	182	ARF5	EEF1E1
9606.ENSP00000000233	9606.ENSP00000223136	0	0	0	0	0	147	83	0	69	0	0	0	67	229	ARF5	FIS1
9606.ENSP00000000233	9606.ENSP00000285398	0	51	0	0	0	0	62	0	0	0	0	75	101	160	ARF5	ERCC3
9606.ENSP00000000233	9606.ENSP00000299601	0	0	0	0	0	0	53	0	221	0	0	0	101	278	ARF5	LEO1
9606.ENSP00000000233	9606.ENSP00000419542	0	0	0	0	0	0	0	0	125	0	0	0	117	194	ARF5	LRRC55
9606.ENSP00000000233	9606.ENSP00000288607	0	0	0	0	0	0	0	0	0	0	0	183	62	200	ARF5	PSMG3
9606.ENSP00000000233	9606.ENSP00000407509	0	0	0	0	0	60	62	0	131	0	0	0	54	178	ARF5	PNPLA6
9606.ENSP00000000233	9606.ENSP00000383178	0	0	0	0	0	0	0	0	159	0	0	0	43	160	ARF5	DIAPH3
9606.ENSP00000000233	9606.ENSP00000262032	0	0	0	0	0	0	0	0	65	0	0	0	140	161	ARF5	IKZF4
9606.ENSP00000000233	9606.ENSP00000344942	0	0	0	0	0	0	0	0	150	0	0	0	66	172	ARF5	UNC119B
9606.ENSP00000000233	9606.ENSP00000378187	0	0	0	0	0	0	62	0	138	0	0	0	55	169	ARF5	ADCY7
9606.ENSP00000000233	9606.ENSP00000307940	0	0	0	0	0	62	62	0	178	0	0	0	59	228	ARF5	EEF2
9606.ENSP00000000233	9606.ENSP00000379678	0	0	0	0	0	0	0	0	57	0	0	0	141	155	ARF5	PGM5
9606.ENSP00000000233	9606.ENSP00000426503	0	0	0	0	0	0	63	270	0	0	0	0	56	297	ARF5	RNF4
9606.ENSP00000000233	9606.ENSP00000418695	0	0	0	0	0	0	64	0	0	0	0	107	302	365	ARF5	PSMD6
9606.ENSP00000000233	9606.ENSP00000360108	0	0	0	0	0	0	0	0	186	0	0	0	143	272	ARF5	DNAJC6
9606.ENSP00000000233	9606.ENSP00000298630	0	0	0	0	0	0	49	0	150	0	0	0	55	169	ARF5	STK32C
9606.ENSP00000000233	9606.ENSP00000373713	0	0	0	0	0	0	63	0	114	0	0	0	254	326	ARF5	SACM1L
9606.ENSP00000000233	9606.ENSP00000481126	0	0	0	0	0	0	48	0	172	0	0	0	101	229	ARF5	VPS11
9606.ENSP00000000233	9606.ENSP00000417175	0	0	0	0	0	71	62	0	84	0	0	0	101	186	ARF5	VAPB
9606.ENSP00000000233	9606.ENSP00000257770	0	0	0	0	0	0	0	218	0	0	0	0	53	227	ARF5	NT5E
9606.ENSP00000000233	9606.ENSP00000360124	0	0	0	0	0	0	0	0	57	0	0	0	141	155	ARF5	PGM1
9606.ENSP00000000233	9606.ENSP00000261596	0	0	0	0	0	0	62	0	119	0	0	0	63	158	ARF5	LPIN2
9606.ENSP00000000233	9606.ENSP00000371133	0	0	0	0	0	0	62	0	78	0	0	55	302	353	ARF5	HMG20A
9606.ENSP00000000233	9606.ENSP00000370419	0	0	0	0	0	0	0	0	0	0	0	234	0	234	ARF5	TTC38
9606.ENSP00000000233	9606.ENSP00000311405	0	0	0	0	0	0	62	0	138	0	0	0	55	169	ARF5	ADCY6
9606.ENSP00000000233	9606.ENSP00000272430	0	0	0	0	0	0	0	0	60	0	0	0	139	156	ARF5	RTKN
9606.ENSP00000000233	9606.ENSP00000310226	0	0	0	0	659	96	73	0	248	600	0	288	249	754	ARF5	RAB1B
9606.ENSP00000000233	9606.ENSP00000401535	0	0	0	0	0	0	0	0	150	0	0	0	48	156	ARF5	ENSG00000248751
9606.ENSP00000000233	9606.ENSP00000292314	0	0	0	0	0	0	62	0	0	0	0	84	114	172	ARF5	CCDC12
9606.ENSP00000000233	9606.ENSP00000466058	0	0	0	0	0	0	0	0	78	0	0	54	107	153	ARF5	RDH8
9606.ENSP00000000233	9606.ENSP00000219255	0	0	0	0	0	65	0	0	167	0	0	0	49	194	ARF5	PARD6A
9606.ENSP00000000233	9606.ENSP00000305995	0	0	0	0	0	0	62	0	152	0	0	0	77	201	ARF5	PGK2
9606.ENSP00000000233	9606.ENSP00000377681	0	0	0	0	0	0	64	0	76	0	0	0	107	160	ARF5	G3BP1
9606.ENSP00000000233	9606.ENSP00000478017	0	0	0	0	0	0	0	0	101	0	0	0	144	197	ARF5	LOC649330
9606.ENSP00000000233	9606.ENSP00000377936	0	0	0	0	0	0	55	0	144	0	0	0	58	171	ARF5	PPP2R2B
9606.ENSP00000000233	9606.ENSP00000246802	0	0	0	0	0	0	0	0	150	0	0	0	99	201	ARF5	GLTSCR2
9606.ENSP00000000233	9606.ENSP00000417610	0	0	0	0	0	0	0	0	150	0	0	0	76	181	ARF5	RAB23
9606.ENSP00000000233	9606.ENSP00000482657	0	0	0	0	0	0	0	0	164	0	0	0	58	178	ARF5	MAP3K14
9606.ENSP00000000233	9606.ENSP00000353224	0	0	0	0	0	0	0	0	56	0	0	138	64	171	ARF5	TFRC
9606.ENSP00000000233	9606.ENSP00000327694	0	0	0	0	0	0	63	0	164	0	0	0	101	234	ARF5	AP2A2
9606.ENSP00000000233	9606.ENSP00000381607	0	0	0	0	0	0	0	0	181	0	0	0	0	181	ARF5	GSTP1
9606.ENSP00000000233	9606.ENSP00000358983	0	0	0	0	0	0	62	0	76	0	0	0	101	152	ARF5	NFKB2
9606.ENSP00000000233	9606.ENSP00000294618	0	0	0	0	0	0	0	0	162	0	0	0	58	176	ARF5	DOCK6
9606.ENSP00000000233	9606.ENSP00000445381	0	0	0	0	0	0	0	0	151	0	0	0	52	160	ARF5	PIK3C2G
9606.ENSP00000000233	9606.ENSP00000265062	0	0	0	0	0	53	66	0	77	0	0	170	254	402	ARF5	RAB7A
9606.ENSP00000000233	9606.ENSP00000370013	0	0	0	0	0	0	0	0	0	0	0	210	131	284	ARF5	PTCD2
9606.ENSP00000000233	9606.ENSP00000265074	0	0	0	0	0	0	62	0	138	0	0	0	55	169	ARF5	NPR3
9606.ENSP00000000233	9606.ENSP00000354957	0	0	0	0	0	0	51	0	129	0	0	0	58	153	ARF5	SMC5
9606.ENSP00000000233	9606.ENSP00000355925	0	0	0	0	0	0	0	0	56	0	0	52	422	437	ARF5	PROX1
9606.ENSP00000000233	9606.ENSP00000357288	0	0	0	0	0	116	0	0	81	0	0	0	0	152	ARF5	LAMTOR2
9606.ENSP00000000233	9606.ENSP00000342793	0	0	0	0	0	0	0	0	226	0	0	82	220	397	ARF5	PLD1
9606.ENSP00000000233	9606.ENSP00000267199	0	0	0	0	0	0	62	0	77	0	0	0	104	156	ARF5	VPS33A
9606.ENSP00000000233	9606.ENSP00000354718	0	0	0	0	0	0	0	0	153	0	0	0	58	168	ARF5	AKAP13
9606.ENSP00000000233	9606.ENSP00000416387	0	0	0	0	0	0	63	0	136	0	0	122	47	231	ARF5	FBLIM1
9606.ENSP00000000233	9606.ENSP00000385749	0	0	0	0	0	69	93	0	131	0	0	0	58	216	ARF5	PRKAR1B
9606.ENSP00000000233	9606.ENSP00000319781	0	0	0	0	0	42	62	0	160	0	0	49	112	246	ARF5	RAB43
9606.ENSP00000000233	9606.ENSP00000311449	0	0	0	0	0	0	62	0	152	0	0	293	142	452	ARF5	RAB6A
9606.ENSP00000000233	9606.ENSP00000291574	0	0	0	0	0	0	0	0	133	0	0	0	101	187	ARF5	TRAPPC10
9606.ENSP00000000233	9606.ENSP00000390783	0	0	0	0	0	100	85	0	77	0	0	0	107	230	ARF5	SCFD1
9606.ENSP00000000233	9606.ENSP00000221138	0	0	0	327	0	0	62	0	105	0	0	0	76	408	ARF5	PPP2CB
9606.ENSP00000000233	9606.ENSP00000409952	0	0	0	0	0	46	0	0	126	0	0	0	146	225	ARF5	VPS52
9606.ENSP00000000233	9606.ENSP00000410186	0	0	0	0	0	0	63	0	134	0	0	0	107	212	ARF5	AK9
9606.ENSP00000000233	9606.ENSP00000215812	0	0	0	0	0	0	80	0	124	0	0	0	78	192	ARF5	SEC14L3
9606.ENSP00000000233	9606.ENSP00000265395	0	0	0	0	0	0	0	0	0	0	0	135	63	154	ARF5	HIBADH
9606.ENSP00000000233	9606.ENSP00000341071	0	0	0	0	0	0	0	0	153	0	0	0	63	172	ARF5	ARHGEF3
9606.ENSP00000000233	9606.ENSP00000381785	0	0	0	0	0	0	0	0	78	0	0	164	0	196	ARF5	HSDL2
9606.ENSP00000000233	9606.ENSP00000228945	0	0	0	0	0	0	62	0	212	0	0	0	70	252	ARF5	ARHGDIB
9606.ENSP00000000233	9606.ENSP00000315713	0	0	0	0	0	0	62	0	126	0	0	0	48	151	ARF5	SSH1
9606.ENSP00000000233	9606.ENSP00000243440	0	0	0	0	0	0	0	0	78	0	0	125	303	388	ARF5	BATF3
9606.ENSP00000000233	9606.ENSP00000353557	0	0	0	0	0	0	0	0	56	0	0	0	207	219	ARF5	SLC35F1
9606.ENSP00000000233	9606.ENSP00000379602	0	0	0	0	0	0	62	0	111	0	0	0	67	154	ARF5	VAMP1
9606.ENSP00000000233	9606.ENSP00000364815	0	0	0	0	0	65	62	0	153	0	0	0	54	203	ARF5	VARS
9606.ENSP00000000233	9606.ENSP00000320797	0	0	0	0	0	0	0	0	149	0	0	0	48	155	ARF5	TUBD1
9606.ENSP00000000233	9606.ENSP00000317473	0	0	0	0	0	0	63	0	218	0	0	0	167	336	ARF5	RABGGTB
9606.ENSP00000000233	9606.ENSP00000397798	0	0	0	0	0	0	62	0	60	0	0	0	131	166	ARF5	RPL17
9606.ENSP00000000233	9606.ENSP00000479606	0	0	0	0	0	61	85	0	180	0	0	95	211	405	ARF5	CLTC
9606.ENSP00000000233	9606.ENSP00000362354	0	0	0	0	0	0	62	0	119	0	0	0	63	158	ARF5	LPIN3
9606.ENSP00000000233	9606.ENSP00000352438	0	0	0	0	0	0	0	272	67	0	0	70	0	313	ARF5	PCBP2
9606.ENSP00000000233	9606.ENSP00000346037	0	0	0	0	0	59	90	0	76	0	0	0	139	227	ARF5	RPLP1
9606.ENSP00000000233	9606.ENSP00000437188	0	0	0	0	0	0	0	0	167	0	0	0	59	182	ARF5	TIAM2
9606.ENSP00000000233	9606.ENSP00000209728	0	0	0	0	0	0	54	0	0	0	0	0	214	224	ARF5	CDC6
9606.ENSP00000000233	9606.ENSP00000341905	0	0	0	0	0	0	0	0	138	0	0	0	59	154	ARF5	RASAL3
9606.ENSP00000000233	9606.ENSP00000314499	0	0	0	0	0	0	62	0	178	0	0	0	181	313	ARF5	GAK
9606.ENSP00000000233	9606.ENSP00000265171	0	0	0	0	0	0	0	0	0	0	0	181	101	232	ARF5	EGF
9606.ENSP00000000233	9606.ENSP00000276202	0	0	0	0	0	0	0	0	162	0	0	0	58	176	ARF5	DOCK11
9606.ENSP00000000233	9606.ENSP00000367952	0	0	0	0	0	0	0	0	0	0	0	210	0	210	ARF5	UCMA
9606.ENSP00000000233	9606.ENSP00000478892	0	0	0	0	0	0	0	0	167	0	0	0	53	177	ARF5	GNAZ
9606.ENSP00000000233	9606.ENSP00000378712	0	0	0	0	0	0	0	0	0	0	0	260	0	260	ARF5	IZUMO4
9606.ENSP00000000233	9606.ENSP00000446917	0	0	0	0	0	0	0	0	147	0	0	0	62	165	ARF5	APPL2
9606.ENSP00000000233	9606.ENSP00000304283	0	0	0	0	0	65	63	0	56	0	0	0	189	239	ARF5	RAC3
9606.ENSP00000000233	9606.ENSP00000420211	0	0	0	0	0	0	0	0	144	0	0	50	47	157	ARF5	RGL2
9606.ENSP00000000233	9606.ENSP00000369126	0	0	0	209	0	0	62	0	59	0	0	0	0	240	ARF5	CSNK1A1L
9606.ENSP00000000233	9606.ENSP00000341344	0	0	0	0	0	0	62	270	101	0	0	400	189	645	ARF5	GGA1
9606.ENSP00000000233	9606.ENSP00000356920	0	0	0	0	0	0	62	83	126	0	0	0	48	188	ARF5	DUSP12
9606.ENSP00000000233	9606.ENSP00000376268	0	0	0	0	0	0	80	0	124	0	0	0	78	192	ARF5	SEC14L1
9606.ENSP00000000233	9606.ENSP00000251507	0	0	0	0	0	0	49	0	150	0	0	0	248	339	ARF5	RABGAP1L
9606.ENSP00000000233	9606.ENSP00000328287	0	0	0	0	0	0	0	270	0	0	0	0	41	270	ARF5	RNF123
9606.ENSP00000000233	9606.ENSP00000338844	0	0	0	0	0	0	66	0	62	0	0	0	225	261	ARF5	SEC23B
9606.ENSP00000000233	9606.ENSP00000480573	0	0	0	0	0	0	0	0	56	0	0	210	0	222	ARF5	ADRA2B
9606.ENSP00000000233	9606.ENSP00000468280	0	0	0	0	0	0	0	0	150	0	0	0	55	162	ARF5	ENSG00000267318
9606.ENSP00000000233	9606.ENSP00000250559	0	0	0	0	0	0	62	0	0	0	0	150	142	256	ARF5	RAP1B
9606.ENSP00000000233	9606.ENSP00000309714	0	0	0	0	0	0	0	0	151	0	0	0	52	160	ARF5	SH3PXD2B
9606.ENSP00000000233	9606.ENSP00000388996	0	0	0	0	0	105	62	0	342	0	0	43	92	432	ARF5	AP1M1
9606.ENSP00000000233	9606.ENSP00000346643	0	0	0	0	0	0	0	0	162	0	0	0	47	167	ARF5	HKDC1
9606.ENSP00000000233	9606.ENSP00000419782	0	0	0	0	0	89	92	0	0	0	0	57	0	151	ARF5	CDK5
9606.ENSP00000000233	9606.ENSP00000324464	0	0	0	215	0	0	62	0	59	0	0	0	59	260	ARF5	CSNK1D
9606.ENSP00000000233	9606.ENSP00000375855	0	0	0	0	0	0	61	0	0	0	0	0	216	232	ARF5	PDC
9606.ENSP00000000233	9606.ENSP00000345853	0	0	0	0	0	0	0	83	126	0	0	0	48	170	ARF5	DUSP9
9606.ENSP00000000233	9606.ENSP00000245304	0	0	0	0	0	0	61	0	149	0	0	0	55	178	ARF5	RAP2A
9606.ENSP00000000233	9606.ENSP00000263373	0	0	0	0	0	0	62	0	76	600	0	0	0	623	ARF5	SPTBN4
9606.ENSP00000000233	9606.ENSP00000305260	0	0	0	0	0	182	66	0	152	0	0	0	59	308	ARF5	GNB2
9606.ENSP00000000233	9606.ENSP00000340608	0	0	0	0	0	0	0	0	150	0	0	0	55	162	ARF5	SGK2
9606.ENSP00000000233	9606.ENSP00000264499	0	0	0	0	0	0	63	0	213	0	0	0	95	274	ARF5	BBS7
9606.ENSP00000000233	9606.ENSP00000225430	0	0	0	0	0	0	64	0	181	0	0	0	0	200	ARF5	RPL19
9606.ENSP00000000233	9606.ENSP00000369689	0	0	0	270	0	0	0	0	77	0	0	0	55	307	ARF5	CALML5
9606.ENSP00000000233	9606.ENSP00000378769	0	0	0	366	0	0	64	0	105	0	0	0	63	435	ARF5	PPP1CB
9606.ENSP00000000233	9606.ENSP00000289228	0	0	0	0	0	89	62	0	104	0	0	0	101	219	ARF5	ACTR1B
9606.ENSP00000000233	9606.ENSP00000349325	0	0	0	0	0	0	0	0	152	0	0	0	55	164	ARF5	ATP10A
9606.ENSP00000000233	9606.ENSP00000360690	0	0	0	0	0	0	51	0	177	0	0	0	58	200	ARF5	LONRF3
9606.ENSP00000000233	9606.ENSP00000304604	0	0	0	0	0	0	0	0	152	0	0	0	0	151	ARF5	MAGI3
9606.ENSP00000000233	9606.ENSP00000362334	0	0	0	0	0	0	66	0	64	0	0	103	48	153	ARF5	PSMB2
9606.ENSP00000000233	9606.ENSP00000324422	0	0	0	0	0	70	63	0	136	0	0	0	47	186	ARF5	ZYX
9606.ENSP00000000233	9606.ENSP00000481721	0	0	0	0	0	0	64	0	150	0	0	0	48	176	ARF5	TBC1D2
9606.ENSP00000000233	9606.ENSP00000336724	0	0	0	0	0	0	62	0	104	0	0	0	106	183	ARF5	TBC1D22A
9606.ENSP00000000233	9606.ENSP00000378557	0	0	0	0	0	0	62	0	171	0	0	0	59	204	ARF5	DAAM1
9606.ENSP00000000233	9606.ENSP00000261769	0	0	0	0	0	0	0	0	57	0	0	134	76	179	ARF5	CDH1
9606.ENSP00000000233	9606.ENSP00000315299	0	0	0	346	0	0	0	0	77	0	0	141	101	471	ARF5	CALML3
9606.ENSP00000000233	9606.ENSP00000380334	0	0	0	0	0	0	0	0	185	0	0	0	67	207	ARF5	NCF4
9606.ENSP00000000233	9606.ENSP00000355866	0	0	0	0	0	0	62	0	126	0	0	0	48	151	ARF5	DUSP10
9606.ENSP00000000233	9606.ENSP00000356489	0	0	0	0	0	0	62	0	126	0	0	0	48	151	ARF5	EPM2A
9606.ENSP00000000233	9606.ENSP00000367830	0	0	0	0	0	0	0	0	140	0	0	0	60	157	ARF5	PRKCZ
9606.ENSP00000000233	9606.ENSP00000348215	0	0	0	0	0	0	0	0	151	0	0	0	52	160	ARF5	SH3PXD2A
9606.ENSP00000000233	9606.ENSP00000442682	0	0	0	0	0	0	62	0	147	0	0	183	138	361	ARF5	ADAP1
9606.ENSP00000000233	9606.ENSP00000404676	0	0	0	0	0	0	0	0	168	0	0	0	133	247	ARF5	PGGT1B
9606.ENSP00000000233	9606.ENSP00000299138	0	0	0	0	0	0	64	0	136	0	0	61	145	263	ARF5	VPS35
9606.ENSP00000000233	9606.ENSP00000300896	0	0	0	0	0	0	63	0	78	0	0	0	142	194	ARF5	USP32
9606.ENSP00000000233	9606.ENSP00000301037	0	0	0	0	0	0	0	0	321	0	0	0	88	354	ARF5	SGK494
9606.ENSP00000000233	9606.ENSP00000380530	0	0	0	0	0	0	62	0	126	0	0	0	48	151	ARF5	DUSP8
9606.ENSP00000000233	9606.ENSP00000382323	0	0	0	0	0	0	0	0	56	0	0	0	560	566	ARF5	OTOG
9606.ENSP00000000233	9606.ENSP00000290378	0	0	0	0	0	0	62	0	104	0	0	0	139	213	ARF5	ACTC1
9606.ENSP00000000233	9606.ENSP00000370376	0	0	0	0	0	0	48	0	56	0	0	0	187	205	ARF5	DUT
9606.ENSP00000000233	9606.ENSP00000359297	0	0	0	0	0	0	53	0	92	0	0	181	49	240	ARF5	NSDHL
9606.ENSP00000000233	9606.ENSP00000281821	0	0	0	0	0	0	62	0	140	0	0	52	0	168	ARF5	EPHA4
9606.ENSP00000000233	9606.ENSP00000222812	0	0	0	0	0	0	81	0	78	0	0	0	83	155	ARF5	STX1A
9606.ENSP00000000233	9606.ENSP00000258301	0	0	0	0	0	0	62	0	78	0	0	71	101	181	ARF5	STX6
9606.ENSP00000000233	9606.ENSP00000298573	0	0	0	0	0	0	62	83	126	0	0	0	48	188	ARF5	DUSP16
9606.ENSP00000000233	9606.ENSP00000275364	0	0	0	0	0	0	0	0	167	0	0	107	53	234	ARF5	GNA12
9606.ENSP00000000233	9606.ENSP00000376457	0	0	0	0	0	0	0	0	143	0	0	0	53	153	ARF5	ECT2
9606.ENSP00000000233	9606.ENSP00000349168	0	0	0	0	0	0	56	270	0	0	0	0	0	281	ARF5	HNRNPH1
9606.ENSP00000000233	9606.ENSP00000338769	0	0	0	0	0	0	0	0	147	0	0	325	143	463	ARF5	ASAP3
9606.ENSP00000000233	9606.ENSP00000362339	0	0	0	0	789	63	65	0	0	0	0	327	227	170	ARF5	SAR1A
9606.ENSP00000000233	9606.ENSP00000378721	0	0	0	0	0	0	54	0	169	0	0	0	207	322	ARF5	SEC31A
9606.ENSP00000000233	9606.ENSP00000265382	0	0	0	0	0	0	63	0	114	0	0	48	101	194	ARF5	PIP5K1B
9606.ENSP00000000233	9606.ENSP00000481878	0	0	0	0	0	0	62	0	152	0	0	0	59	186	ARF5	GNB1
9606.ENSP00000000233	9606.ENSP00000406885	0	0	0	0	0	0	64	0	0	0	0	129	288	368	ARF5	TMEM41A
9606.ENSP00000000233	9606.ENSP00000369810	0	0	0	0	0	0	0	0	104	0	0	0	138	194	ARF5	VPS16
9606.ENSP00000000233	9606.ENSP00000339973	0	0	0	0	0	0	49	0	150	0	0	0	48	163	ARF5	TBC1D28
9606.ENSP00000000233	9606.ENSP00000356811	0	0	0	0	0	0	0	0	57	0	0	0	142	156	ARF5	HBS1L
9606.ENSP00000000233	9606.ENSP00000372394	0	0	0	0	0	65	0	0	0	0	0	0	135	156	ARF5	TMEM129
9606.ENSP00000000233	9606.ENSP00000270112	0	0	0	0	0	0	65	0	127	0	0	0	111	210	ARF5	HUNK
9606.ENSP00000000233	9606.ENSP00000355493	0	0	0	0	0	0	62	0	0	0	0	45	166	187	ARF5	ADSS
9606.ENSP00000000233	9606.ENSP00000361900	0	0	0	0	0	0	51	0	177	0	0	0	58	200	ARF5	TOMM34
9606.ENSP00000000233	9606.ENSP00000220062	0	0	0	0	0	0	61	0	0	0	0	0	254	269	ARF5	RASL12
9606.ENSP00000000233	9606.ENSP00000229340	0	0	0	0	0	92	53	0	0	0	0	150	95	250	ARF5	RAB35
9606.ENSP00000000233	9606.ENSP00000303507	0	0	0	0	0	0	0	0	150	0	0	0	60	166	ARF5	BCR
9606.ENSP00000000233	9606.ENSP00000267113	0	0	0	0	0	0	52	0	0	0	0	0	141	150	ARF5	ESYT1
9606.ENSP00000000233	9606.ENSP00000358309	0	0	0	0	0	0	62	0	140	0	0	0	0	158	ARF5	EPHA7
9606.ENSP00000000233	9606.ENSP00000258390	0	0	0	0	0	0	0	0	162	0	0	43	58	178	ARF5	DOCK10
9606.ENSP00000000233	9606.ENSP00000360860	0	0	0	0	0	0	51	0	177	0	0	0	58	200	ARF5	IFIT5
9606.ENSP00000000233	9606.ENSP00000339381	0	0	0	0	0	0	0	0	56	0	0	113	133	210	ARF5	RGS12
9606.ENSP00000000233	9606.ENSP00000378324	0	0	0	0	0	0	63	0	180	0	0	0	77	228	ARF5	DNAJA4
9606.ENSP00000000233	9606.ENSP00000255030	0	0	0	0	0	0	0	0	0	0	0	0	174	173	ARF5	CRP
9606.ENSP00000000233	9606.ENSP00000484855	0	0	0	0	0	0	63	0	78	0	0	0	108	162	ARF5	EXOC5
9606.ENSP00000000233	9606.ENSP00000263025	0	0	0	0	0	0	51	0	163	0	0	0	59	187	ARF5	MAPK3
9606.ENSP00000000233	9606.ENSP00000245796	0	0	0	0	0	0	0	0	142	0	0	253	55	341	ARF5	PSD4
9606.ENSP00000000233	9606.ENSP00000229812	0	0	0	0	0	0	63	0	153	0	0	0	59	187	ARF5	STK38
9606.ENSP00000000233	9606.ENSP00000365807	0	0	0	0	0	0	0	0	167	0	0	0	53	177	ARF5	GNA14
9606.ENSP00000000233	9606.ENSP00000453858	0	0	0	0	0	0	0	0	180	0	0	0	61	197	ARF5	ENSG00000137843
9606.ENSP00000000233	9606.ENSP00000440984	0	0	0	0	0	0	48	0	375	0	0	0	68	397	ARF5	AP3B2
9606.ENSP00000000233	9606.ENSP00000291670	0	0	0	0	0	0	0	0	0	0	0	0	187	187	ARF5	FTCD
9606.ENSP00000000233	9606.ENSP00000261507	0	0	0	0	0	0	55	0	57	0	0	150	76	206	ARF5	MSMO1
9606.ENSP00000000233	9606.ENSP00000350937	0	0	0	0	0	0	0	0	136	0	0	0	107	195	ARF5	TES
9606.ENSP00000000233	9606.ENSP00000269321	0	0	0	0	0	76	62	0	212	0	0	49	70	285	ARF5	ARHGDIA
9606.ENSP00000000233	9606.ENSP00000381064	0	0	0	0	0	0	0	0	0	0	0	67	259	279	ARF5	INTS10
9606.ENSP00000000233	9606.ENSP00000321826	0	0	0	0	0	0	54	0	145	0	0	0	51	165	ARF5	STXBP5
9606.ENSP00000000233	9606.ENSP00000483786	0	0	0	0	0	0	63	0	105	0	0	0	145	220	ARF5	HPCAL1
9606.ENSP00000000233	9606.ENSP00000352121	0	0	0	0	0	0	0	0	151	0	0	0	52	160	ARF5	PIK3CG
9606.ENSP00000000233	9606.ENSP00000329933	0	0	0	0	0	0	62	0	104	0	0	0	77	156	ARF5	PHF12
9606.ENSP00000000233	9606.ENSP00000406209	0	0	0	0	0	0	62	0	142	0	0	0	138	245	ARF5	EPN1
9606.ENSP00000000233	9606.ENSP00000322300	0	0	0	0	0	0	51	0	177	0	0	0	58	200	ARF5	TMTC2
9606.ENSP00000000233	9606.ENSP00000234160	0	0	0	0	0	0	62	0	169	0	0	0	114	249	ARF5	GORASP2
9606.ENSP00000000233	9606.ENSP00000274311	0	0	0	0	0	0	63	0	0	0	0	0	142	161	ARF5	PELO
9606.ENSP00000000233	9606.ENSP00000265944	0	0	0	0	0	0	51	0	151	0	0	0	67	182	ARF5	MYO3A
9606.ENSP00000000233	9606.ENSP00000223369	0	0	0	0	0	65	62	0	111	600	0	0	112	672	ARF5	YKT6
9606.ENSP00000000233	9606.ENSP00000309539	0	0	0	0	0	0	0	0	104	0	0	59	113	186	ARF5	DPYSL2
9606.ENSP00000000233	9606.ENSP00000363308	0	0	0	0	0	0	80	0	135	0	0	0	53	180	ARF5	WDR31
9606.ENSP00000000233	9606.ENSP00000417517	0	0	0	0	0	0	62	0	125	0	0	0	58	159	ARF5	ENSG00000173366
9606.ENSP00000000233	9606.ENSP00000339299	0	0	0	0	0	0	62	0	182	0	0	0	101	249	ARF5	TRIO
9606.ENSP00000000233	9606.ENSP00000263238	0	0	0	0	0	0	62	0	104	0	0	0	77	156	ARF5	ACTR3
9606.ENSP00000000233	9606.ENSP00000343871	0	0	0	0	0	0	51	0	177	0	0	0	58	200	ARF5	TMTC4
9606.ENSP00000000233	9606.ENSP00000367629	0	0	0	0	0	0	0	0	153	0	0	48	49	166	ARF5	ARHGEF16
9606.ENSP00000000233	9606.ENSP00000252071	0	0	0	0	0	0	62	0	104	0	0	0	77	156	ARF5	ACTR3C
9606.ENSP00000000233	9606.ENSP00000349259	0	0	0	0	0	0	62	0	76	600	0	0	47	625	ARF5	SPTBN1
9606.ENSP00000000233	9606.ENSP00000271732	0	0	0	0	0	49	62	0	139	0	0	0	60	181	ARF5	GOLPH3L
9606.ENSP00000000233	9606.ENSP00000320543	0	0	0	0	0	0	62	0	142	0	0	0	138	245	ARF5	EPN2
9606.ENSP00000000233	9606.ENSP00000483814	0	0	0	0	0	0	0	0	0	0	0	0	196	196	ARF5	NPRL3
9606.ENSP00000000233	9606.ENSP00000270142	0	0	0	0	0	0	87	0	177	0	0	0	0	216	ARF5	SOD1
9606.ENSP00000000233	9606.ENSP00000323421	0	0	0	0	0	0	62	0	129	0	0	0	58	163	ARF5	SMC1A
9606.ENSP00000000233	9606.ENSP00000239440	0	0	0	0	0	0	0	0	147	0	0	195	62	299	ARF5	ARAP3
9606.ENSP00000000233	9606.ENSP00000354720	0	0	0	0	0	0	0	0	129	0	0	0	101	183	ARF5	SMC3
9606.ENSP00000000233	9606.ENSP00000355090	0	0	0	0	0	0	0	0	144	0	0	0	62	162	ARF5	ARHGAP11A
9606.ENSP00000000233	9606.ENSP00000346671	0	0	0	0	0	0	68	0	140	0	0	0	59	179	ARF5	FYN
9606.ENSP00000000233	9606.ENSP00000365643	0	0	0	0	0	0	0	0	162	0	0	0	58	176	ARF5	DOCK9
9606.ENSP00000000233	9606.ENSP00000365312	0	0	0	0	0	0	60	0	70	0	0	124	67	189	ARF5	ABI1
9606.ENSP00000000233	9606.ENSP00000361177	0	0	0	0	0	0	0	0	155	0	0	0	0	154	ARF5	LRIT1
9606.ENSP00000000233	9606.ENSP00000308496	0	0	0	0	779	0	63	0	128	0	0	0	110	161	ARF5	ARL10
9606.ENSP00000000233	9606.ENSP00000479216	0	0	0	0	0	0	62	0	138	0	0	0	0	156	ARF5	UBXN8
9606.ENSP00000000233	9606.ENSP00000251527	0	0	0	0	0	0	52	0	0	0	0	0	209	218	ARF5	ESYT2
9606.ENSP00000000233	9606.ENSP00000367747	0	0	0	0	0	0	0	0	144	0	0	0	49	151	ARF5	PLCH2
9606.ENSP00000000233	9606.ENSP00000429022	0	0	0	0	0	0	0	0	165	0	0	0	55	177	ARF5	ENSG00000270024
9606.ENSP00000000233	9606.ENSP00000359719	0	0	0	0	0	0	65	0	148	0	0	0	61	186	ARF5	PRKACB
9606.ENSP00000000233	9606.ENSP00000380413	0	0	0	0	0	0	53	0	147	0	0	57	76	201	ARF5	AGAP3
9606.ENSP00000000233	9606.ENSP00000253188	0	0	0	0	0	0	0	0	56	0	0	50	167	187	ARF5	SLC7A10
9606.ENSP00000000233	9606.ENSP00000334223	0	0	0	0	0	0	0	0	57	0	0	0	141	155	ARF5	SLC36A2
9606.ENSP00000000233	9606.ENSP00000338173	0	0	0	0	0	0	0	0	141	0	0	0	53	151	ARF5	PUM2
9606.ENSP00000000233	9606.ENSP00000340274	0	0	0	0	0	0	61	0	149	0	0	0	55	178	ARF5	RAP2C
9606.ENSP00000000233	9606.ENSP00000268182	0	0	0	0	0	0	0	0	185	0	0	0	109	242	ARF5	IQGAP1
9606.ENSP00000000233	9606.ENSP00000449241	0	0	0	0	0	0	53	0	147	0	0	254	58	356	ARF5	AGAP2
9606.ENSP00000000233	9606.ENSP00000381565	0	0	0	0	0	0	0	0	159	0	0	0	48	165	ARF5	DIAPH1
9606.ENSP00000000233	9606.ENSP00000361475	0	0	0	0	0	0	62	0	105	0	0	102	188	305	ARF5	NCS1
9606.ENSP00000000233	9606.ENSP00000246166	0	0	0	0	0	0	0	0	168	0	0	0	61	185	ARF5	FNTB
9606.ENSP00000000233	9606.ENSP00000397351	0	0	0	0	0	0	62	0	212	0	0	0	69	251	ARF5	GRID2IP
9606.ENSP00000000233	9606.ENSP00000349877	0	0	0	0	0	62	0	0	78	0	0	0	145	195	ARF5	ATP13A1
9606.ENSP00000000233	9606.ENSP00000298229	0	0	0	0	0	73	0	0	88	0	0	107	78	210	ARF5	INPPL1
9606.ENSP00000000233	9606.ENSP00000461785	0	0	0	0	0	0	62	0	212	0	0	0	85	264	ARF5	RAB40B
9606.ENSP00000000233	9606.ENSP00000266712	0	0	0	0	0	0	51	0	177	0	0	0	58	200	ARF5	TMTC3
9606.ENSP00000000233	9606.ENSP00000223023	0	0	0	0	0	0	0	0	176	0	0	98	107	278	ARF5	WASL
9606.ENSP00000000233	9606.ENSP00000387699	0	0	0	0	0	0	0	0	74	0	0	0	147	176	ARF5	CREB1
9606.ENSP00000000233	9606.ENSP00000427793	0	0	0	0	0	0	0	270	71	0	0	0	0	292	ARF5	WWP1
9606.ENSP00000000233	9606.ENSP00000441158	0	0	0	0	0	0	78	0	180	0	0	0	211	351	ARF5	CLTCL1
9606.ENSP00000000233	9606.ENSP00000355995	0	0	0	0	0	0	0	0	78	0	0	114	141	237	ARF5	HSD11B1
9606.ENSP00000000233	9606.ENSP00000379412	0	0	0	0	0	0	0	0	56	0	0	137	43	152	ARF5	ZNFX1
9606.ENSP00000000233	9606.ENSP00000230124	0	0	0	0	0	0	62	0	114	0	0	0	63	153	ARF5	FIG4
9606.ENSP00000000233	9606.ENSP00000484556	0	0	0	0	0	0	49	0	150	0	0	0	48	163	ARF5	TBC1D3B
9606.ENSP00000000233	9606.ENSP00000366156	0	0	0	0	0	62	62	0	0	0	0	0	140	177	ARF5	SRM
9606.ENSP00000000233	9606.ENSP00000398481	0	0	0	0	0	0	0	0	182	0	0	152	0	276	ARF5	CADPS2
9606.ENSP00000000233	9606.ENSP00000362634	0	0	0	0	0	0	65	0	127	0	0	0	50	156	ARF5	TSSK3
9606.ENSP00000000233	9606.ENSP00000233616	0	0	0	0	0	65	52	0	58	0	0	66	115	184	ARF5	MOGS
9606.ENSP00000000233	9606.ENSP00000402515	0	0	0	0	0	0	0	0	151	0	0	0	52	160	ARF5	SMG1
9606.ENSP00000000233	9606.ENSP00000414150	0	0	0	0	0	0	0	0	74	0	0	54	119	160	ARF5	ERG
9606.ENSP00000000233	9606.ENSP00000295463	0	0	0	0	0	0	0	182	0	0	0	0	70	206	ARF5	ALPI
9606.ENSP00000000233	9606.ENSP00000380185	0	0	0	0	0	0	0	0	153	0	0	62	146	262	ARF5	PLEKHG6
9606.ENSP00000000233	9606.ENSP00000328083	0	0	0	0	0	0	0	0	167	0	0	0	59	182	ARF5	ARHGEF37
9606.ENSP00000000233	9606.ENSP00000358596	0	0	0	0	0	0	62	0	126	0	0	0	101	198	ARF5	DUSP5
9606.ENSP00000000233	9606.ENSP00000229239	0	0	0	0	0	76	63	0	58	0	0	117	43	185	ARF5	GAPDH
9606.ENSP00000000233	9606.ENSP00000405926	0	0	0	0	0	0	63	0	0	600	0	0	0	609	ARF5	TMED7
9606.ENSP00000000233	9606.ENSP00000357669	0	0	0	0	0	0	62	0	138	0	0	0	101	209	ARF5	NPR1
9606.ENSP00000000233	9606.ENSP00000218249	0	0	0	0	0	0	62	0	212	0	0	0	85	264	ARF5	RAB40AL
9606.ENSP00000000233	9606.ENSP00000347140	0	0	0	0	0	0	0	0	57	0	0	172	0	185	ARF5	ASGR2
9606.ENSP00000000233	9606.ENSP00000306496	0	0	0	0	0	42	62	0	160	0	0	0	112	240	ARF5	RAB33B
9606.ENSP00000000233	9606.ENSP00000340609	0	0	0	0	0	0	62	0	126	0	0	0	48	151	ARF5	DUPD1
9606.ENSP00000000233	9606.ENSP00000268613	0	0	0	0	0	0	0	130	57	0	0	134	85	262	ARF5	CDH13
9606.ENSP00000000233	9606.ENSP00000270861	0	0	0	0	0	0	0	0	148	0	0	0	59	163	ARF5	PLK4
9606.ENSP00000000233	9606.ENSP00000315410	0	0	0	0	0	0	51	0	65	0	0	248	140	349	ARF5	OSBPL3
9606.ENSP00000000233	9606.ENSP00000444561	0	0	0	0	0	0	64	0	0	0	0	170	101	240	ARF5	TMEM14C
9606.ENSP00000000233	9606.ENSP00000356705	0	0	0	0	0	0	83	0	65	0	0	0	145	202	ARF5	DNM3
9606.ENSP00000000233	9606.ENSP00000375810	0	0	0	0	0	0	0	0	108	0	0	120	42	182	ARF5	KLC3
9606.ENSP00000000233	9606.ENSP00000377027	0	0	0	0	0	0	0	0	166	0	0	0	67	188	ARF5	TGFBRAP1
9606.ENSP00000000233	9606.ENSP00000351475	0	0	0	0	0	0	65	0	218	0	0	0	61	253	ARF5	PASK
9606.ENSP00000000233	9606.ENSP00000357219	0	0	0	0	0	0	51	0	177	0	0	0	58	200	ARF5	TTC24
9606.ENSP00000000233	9606.ENSP00000272217	0	0	0	0	845	81	62	0	109	0	0	270	85	200	ARF5	ARL8A
9606.ENSP00000000233	9606.ENSP00000440207	0	0	0	0	0	0	64	0	150	0	0	0	48	176	ARF5	TBC1D30
9606.ENSP00000000233	9606.ENSP00000407586	0	0	0	0	0	65	84	0	0	0	0	60	98	176	ARF5	HRAS
9606.ENSP00000000233	9606.ENSP00000452401	0	0	0	0	0	0	0	0	175	0	0	0	58	189	ARF5	ENSG00000258989
9606.ENSP00000000233	9606.ENSP00000362386	0	0	0	0	0	0	51	0	177	0	0	0	58	200	ARF5	TTC16
9606.ENSP00000000233	9606.ENSP00000428564	0	0	0	0	0	0	65	0	93	0	0	82	190	285	ARF5	SEC24B
9606.ENSP00000000233	9606.ENSP00000429900	0	0	0	0	0	0	0	0	147	0	0	739	504	879	ARF5	ASAP1
9606.ENSP00000000233	9606.ENSP00000256682	0	0	0	447	978	77	64	0	0	900	0	661	107	908	ARF5	ARF3
9606.ENSP00000000233	9606.ENSP00000244769	0	0	0	0	0	0	0	0	182	0	0	0	0	181	ARF5	ATXN1
9606.ENSP00000000233	9606.ENSP00000405965	0	0	0	0	0	0	63	0	213	0	0	0	72	255	ARF5	SUMO2
9606.ENSP00000000233	9606.ENSP00000357177	0	0	0	0	0	0	0	0	153	0	0	0	58	168	ARF5	ARHGEF11
9606.ENSP00000000233	9606.ENSP00000268989	0	0	0	0	0	0	0	0	150	0	0	0	48	156	ARF5	SGSM2
9606.ENSP00000000233	9606.ENSP00000276410	0	0	0	0	0	0	0	0	57	0	0	108	110	185	ARF5	CHRNA6
9606.ENSP00000000233	9606.ENSP00000477707	0	0	0	0	0	0	0	0	120	0	0	0	101	175	ARF5	NR1H3
9606.ENSP00000000233	9606.ENSP00000273047	0	0	0	0	0	71	53	0	73	0	0	204	177	368	ARF5	RAB5A
9606.ENSP00000000233	9606.ENSP00000354739	0	0	0	0	0	0	63	0	167	0	0	0	43	187	ARF5	RPL12
9606.ENSP00000000233	9606.ENSP00000317469	0	0	0	0	0	0	62	0	345	0	0	54	92	401	ARF5	BBS1
9606.ENSP00000000233	9606.ENSP00000378743	0	0	0	0	0	0	62	0	134	0	0	0	81	188	ARF5	AK4
9606.ENSP00000000233	9606.ENSP00000365201	0	0	0	0	0	0	0	0	0	0	0	112	207	265	ARF5	PRRC2A
9606.ENSP00000000233	9606.ENSP00000309794	0	0	0	0	0	0	0	0	150	0	0	0	48	156	ARF5	TBC1D16
9606.ENSP00000000233	9606.ENSP00000450385	0	0	0	215	0	0	66	0	77	0	0	0	55	274	ARF5	MYL6B
9606.ENSP00000000233	9606.ENSP00000234313	0	0	0	0	0	0	49	0	0	0	0	413	49	422	ARF5	PLEK
9606.ENSP00000000233	9606.ENSP00000397441	0	0	0	0	0	0	60	0	139	0	0	0	75	185	ARF5	COG6
9606.ENSP00000000233	9606.ENSP00000377284	0	0	0	0	0	0	0	0	56	600	0	0	0	606	ARF5	FOLR1
9606.ENSP00000000233	9606.ENSP00000400467	0	0	0	0	0	0	83	0	0	0	0	0	208	242	ARF5	RPL9
9606.ENSP00000000233	9606.ENSP00000400717	0	0	0	0	0	0	0	0	167	0	0	0	53	177	ARF5	GNA13
9606.ENSP00000000233	9606.ENSP00000350348	0	0	0	0	0	0	0	0	0	0	0	416	0	416	ARF5	GRM7
9606.ENSP00000000233	9606.ENSP00000279387	0	0	0	252	0	77	64	0	105	0	0	0	44	346	ARF5	PPP4C
9606.ENSP00000000233	9606.ENSP00000387246	0	0	0	0	0	0	0	0	164	0	0	72	58	205	ARF5	MAP3K2
9606.ENSP00000000233	9606.ENSP00000262039	0	0	12	0	0	0	0	0	151	0	0	0	139	237	ARF5	PIK3C3
9606.ENSP00000000233	9606.ENSP00000398131	0	0	0	0	0	0	62	0	77	0	0	0	213	259	ARF5	GSPT1
9606.ENSP00000000233	9606.ENSP00000355500	0	0	0	0	0	0	0	0	0	0	0	0	188	188	ARF5	CEP170
9606.ENSP00000000233	9606.ENSP00000480443	0	0	0	0	0	0	0	0	78	0	0	0	149	181	ARF5	HSD11B1L
9606.ENSP00000000233	9606.ENSP00000369897	0	0	0	0	0	0	63	0	139	0	0	0	82	194	ARF5	CARS
9606.ENSP00000000233	9606.ENSP00000279068	0	0	0	0	0	0	0	0	172	0	0	0	0	171	ARF5	LSM14B
9606.ENSP00000000233	9606.ENSP00000255136	0	0	0	0	0	0	0	0	77	0	0	0	135	167	ARF5	PABPC1L
9606.ENSP00000000233	9606.ENSP00000354558	0	0	0	0	0	0	0	0	151	0	0	0	53	161	ARF5	MTOR
9606.ENSP00000000233	9606.ENSP00000155926	0	0	0	0	0	0	65	0	127	0	0	0	50	156	ARF5	TRIB2
9606.ENSP00000000233	9606.ENSP00000283351	0	0	0	0	0	0	52	0	102	0	0	0	85	153	ARF5	TRAPPC8
9606.ENSP00000000233	9606.ENSP00000376056	0	0	0	0	0	0	63	0	185	0	0	0	82	237	ARF5	EEF1B2
9606.ENSP00000000233	9606.ENSP00000290277	0	0	0	0	0	65	0	0	140	0	0	0	0	161	ARF5	ARAF
9606.ENSP00000000233	9606.ENSP00000369127	0	0	0	0	0	0	63	0	180	0	0	0	77	228	ARF5	DNAJA1
9606.ENSP00000000233	9606.ENSP00000264710	0	0	0	0	646	0	63	0	212	0	0	97	133	270	ARF5	RAB10
9606.ENSP00000000233	9606.ENSP00000361731	0	0	0	0	0	0	0	0	150	0	0	0	48	156	ARF5	TBC1D13
9606.ENSP00000000233	9606.ENSP00000446955	0	0	0	318	0	64	49	0	77	0	0	0	42	365	ARF5	MYL6
9606.ENSP00000000233	9606.ENSP00000447056	0	0	0	0	0	0	62	0	140	0	0	0	0	158	ARF5	ENSG00000203546
9606.ENSP00000000233	9606.ENSP00000258201	0	0	0	0	0	0	0	0	159	0	0	0	43	160	ARF5	FHOD1
9606.ENSP00000000233	9606.ENSP00000446271	0	0	0	0	0	0	0	0	236	0	0	0	0	236	ARF5	LSM14A
9606.ENSP00000000233	9606.ENSP00000354669	0	0	0	0	0	0	0	0	0	0	0	194	303	414	ARF5	FAM63A
9606.ENSP00000000233	9606.ENSP00000236192	0	0	0	0	0	0	0	0	111	0	0	0	167	227	ARF5	VAMP4
9606.ENSP00000000233	9606.ENSP00000464342	0	0	0	0	0	59	76	0	58	0	0	0	143	204	ARF5	RPL36
9606.ENSP00000000233	9606.ENSP00000429969	0	0	0	0	0	0	0	0	58	0	0	0	188	202	ARF5	SCUBE2
9606.ENSP00000000233	9606.ENSP00000275493	0	0	0	0	0	0	0	0	115	0	0	114	56	195	ARF5	EGFR
9606.ENSP00000000233	9606.ENSP00000341779	0	0	0	368	0	0	64	0	105	0	0	67	101	474	ARF5	PPP1CC
9606.ENSP00000000233	9606.ENSP00000358019	0	0	0	0	0	0	0	0	0	0	0	245	302	450	ARF5	NSMCE4A
9606.ENSP00000000233	9606.ENSP00000262027	0	0	0	0	0	0	62	0	153	0	0	0	55	183	ARF5	MARS
9606.ENSP00000000233	9606.ENSP00000250495	0	0	0	0	0	77	166	0	78	0	0	0	0	228	ARF5	NEDD8
9606.ENSP00000000233	9606.ENSP00000333298	0	0	0	0	0	0	64	0	0	0	0	432	101	480	ARF5	LAMP1
9606.ENSP00000000233	9606.ENSP00000354251	0	0	0	0	0	0	51	0	150	0	0	0	58	173	ARF5	NCKAP1
9606.ENSP00000000233	9606.ENSP00000366098	0	0	0	0	0	69	64	0	65	0	0	0	101	169	ARF5	YIF1A
9606.ENSP00000000233	9606.ENSP00000253727	0	0	0	0	0	77	0	0	120	0	0	0	101	206	ARF5	NR1H2
